step,tl_id,reward_type,previous,current,max,reward
25,0,throughput_queueratio,0.0,0.9937649640861931,2,0.49688248204309654
141,0,throughput_queueratio,0.16666666666666666,0.9625897845171588,2,0.5646282255919127
179,0,throughput_queueratio,0.925,0.9438846767757382,2,0.934442338387869
193,0,throughput_queueratio,0.275,0.9625897845171588,2,0.6187948922585794
237,0,throughput_queueratio,0.07500000000000001,0.9688248204309656,2,0.5219124102154828
281,0,throughput_queueratio,0.32499999999999996,0.9688248204309656,2,0.6469124102154828
313,0,throughput_queueratio,0.32499999999999996,0.9688248204309656,2,0.6469124102154828
411,0,throughput_queueratio,0.22499999999999995,0.9625897845171588,2,0.5937948922585794
500,0,throughput_queueratio,0.7749999999999998,0.9501197126895451,2,0.8625598563447725
538,0,throughput_queueratio,0.7,0.9688248204309656,2,0.8344124102154828
549,0,throughput_queueratio,0.275,0.9875299281723863,2,0.6312649640861931
659,0,throughput_queueratio,0.05,0.9625897845171588,2,0.5062948922585794
757,0,throughput_queueratio,0.875,0.9501197126895451,2,0.9125598563447725
822,0,throughput_queueratio,0.7749999999999998,0.9251795690343176,2,0.8500897845171587
848,0,throughput_queueratio,0.5,0.9563547486033519,2,0.728177374301676
940,0,throughput_queueratio,0.175,0.9501197126895451,2,0.5625598563447726
969,0,throughput_queueratio,0.7250000000000001,0.9688248204309656,2,0.8469124102154828
1088,0,throughput_queueratio,0.2,0.9314146049481244,2,0.5657073024740622
1177,0,throughput_queueratio,0.95,0.9189445331205107,2,0.9344722665602554
1230,0,throughput_queueratio,0.7,0.9376496408619314,2,0.8188248204309656
1352,0,throughput_queueratio,0.4,0.9314146049481244,2,0.6657073024740623
1372,0,throughput_queueratio,0.9750000000000002,0.9625897845171588,2,0.9687948922585795
1455,0,throughput_queueratio,0.125,0.9563547486033519,2,0.540677374301676
1496,0,throughput_queueratio,0.6499999999999999,0.9563547486033519,2,0.8031773743016759
1609,0,throughput_queueratio,0.30000000000000004,0.9189445331205107,2,0.6094722665602554
1701,0,throughput_queueratio,0.8999999999999998,0.9376496408619314,2,0.9188248204309656
1820,0,throughput_queueratio,0.7250000000000001,0.9376496408619314,2,0.8313248204309658
1834,0,throughput_queueratio,0.95,0.9625897845171588,2,0.9562948922585794
1848,0,throughput_queueratio,0.07500000000000001,0.9750598563447725,2,0.5250299281723863
1964,0,throughput_queueratio,0.07500000000000001,0.9438846767757382,2,0.5094423383878691
1987,0,throughput_queueratio,0.925,0.9501197126895451,2,0.9375598563447726
2001,0,throughput_queueratio,0.15000000000000002,0.9563547486033519,2,0.5531773743016759
2042,0,throughput_queueratio,0.07500000000000001,0.9625897845171588,2,0.5187948922585794
2164,0,throughput_queueratio,0.30000000000000004,0.9376496408619314,2,0.6188248204309656
2232,0,throughput_queueratio,0.9750000000000002,0.9501197126895451,2,0.9625598563447726
2261,0,throughput_queueratio,0.525,0.9625897845171588,2,0.7437948922585794
2374,0,throughput_queueratio,0.2,0.9314146049481244,2,0.5657073024740622
2421,0,throughput_queueratio,0.8999999999999998,0.9625897845171588,2,0.9312948922585793
2510,0,throughput_queueratio,0.35,0.9625897845171588,2,0.6562948922585794
2623,0,throughput_queueratio,0.7,0.9438846767757382,2,0.821942338387869
2700,0,throughput_queueratio,0.8999999999999998,0.9314146049481244,2,0.9157073024740621
2774,0,throughput_queueratio,0.6000000000000001,0.9563547486033519,2,0.778177374301676
2842,0,throughput_queueratio,0.575,0.9501197126895451,2,0.7625598563447725
2862,0,throughput_queueratio,0.525,0.9625897845171588,2,0.7437948922585794
2873,0,throughput_queueratio,0.125,0.9750598563447725,2,0.5500299281723863
2890,0,throughput_queueratio,0.05,0.9812948922585794,2,0.5156474461292897
2922,0,throughput_queueratio,0.1,0.9812948922585794,2,0.5406474461292897
2963,0,throughput_queueratio,0.22499999999999995,0.9812948922585794,2,0.6031474461292896
2977,0,throughput_queueratio,0.30000000000000004,0.9875299281723863,2,0.6437649640861931
2988,0,throughput_queueratio,0.07500000000000001,0.9812948922585794,2,0.5281474461292897
3014,0,throughput_queueratio,0.05,0.9812948922585794,2,0.5156474461292897
3031,0,throughput_queueratio,0.175,0.9875299281723863,2,0.5812649640861931
3132,0,throughput_queueratio,0.1,0.9625897845171588,2,0.5312948922585794
3197,0,throughput_queueratio,0.8,0.9501197126895451,2,0.8750598563447726
3313,0,throughput_queueratio,0.5,0.9501197126895451,2,0.7250598563447725
3408,0,throughput_queueratio,0.925,0.9314146049481244,2,0.9282073024740622
3440,0,throughput_queueratio,0.75,0.9501197126895451,2,0.8500598563447725
3541,0,throughput_queueratio,0.22499999999999995,0.9376496408619314,2,0.5813248204309657
3648,0,throughput_queueratio,0.8,0.9314146049481244,2,0.8657073024740622
3749,0,throughput_queueratio,0.8500000000000002,0.906474461292897,2,0.8782372306464485
3802,0,throughput_queueratio,0.8,0.9438846767757382,2,0.871942338387869
3900,0,throughput_queueratio,0.4,0.906474461292897,2,0.6532372306464485
3962,0,throughput_queueratio,0.7749999999999998,0.9127094972067039,2,0.8438547486033519
4069,0,throughput_queueratio,0.475,0.9189445331205107,2,0.6969722665602553
4134,0,throughput_queueratio,0.8500000000000002,0.9002394253790902,2,0.8751197126895451
4178,0,throughput_queueratio,0.5,0.9251795690343176,2,0.7125897845171588
4240,0,throughput_queueratio,0.32499999999999996,0.9127094972067039,2,0.618854748603352
4323,0,throughput_queueratio,0.475,0.9189445331205107,2,0.6969722665602553
4412,0,throughput_queueratio,0.6499999999999999,0.9127094972067039,2,0.7813547486033519
4498,0,throughput_queueratio,0.7,0.8877693535514765,2,0.7938846767757382
4524,0,throughput_queueratio,0.675,0.9189445331205107,2,0.7969722665602554
4553,0,throughput_queueratio,0.175,0.9438846767757382,2,0.559442338387869
4612,0,throughput_queueratio,0.2,0.9376496408619314,2,0.5688248204309657
4635,0,throughput_queueratio,0.4499999999999999,0.9438846767757382,2,0.696942338387869
4700,0,throughput_queueratio,0.15000000000000002,0.9251795690343176,2,0.5375897845171589
4714,0,throughput_queueratio,0.5,0.9563547486033519,2,0.728177374301676
4773,0,throughput_queueratio,0.07500000000000001,0.9376496408619314,2,0.5063248204309657
4877,0,throughput_queueratio,0.4499999999999999,0.906474461292897,2,0.6782372306464485
4963,0,throughput_queueratio,0.825,0.8752992817238627,2,0.8501496408619313
5049,0,throughput_queueratio,0.675,0.8690642458100558,2,0.772032122905028
5084,0,throughput_queueratio,0.675,0.8877693535514765,2,0.7813846767757382
5107,0,throughput_queueratio,0.25,0.9251795690343176,2,0.5875897845171588
5196,0,throughput_queueratio,0.15000000000000002,0.8940043894652833,2,0.5220021947326416
5213,0,throughput_queueratio,0.7,0.9127094972067039,2,0.806354748603352
5251,0,throughput_queueratio,0.1,0.9189445331205107,2,0.5094722665602553
5358,0,throughput_queueratio,0.275,0.906474461292897,2,0.5907372306464485
5459,0,throughput_queueratio,0.8500000000000002,0.8815343176376695,2,0.8657671588188349
5551,0,throughput_queueratio,0.8,0.8877693535514765,2,0.8438846767757382
5637,0,throughput_queueratio,0.7250000000000001,0.8877693535514765,2,0.8063846767757383
5732,0,throughput_queueratio,0.675,0.8565941739824421,2,0.7657970869912211
5851,0,throughput_queueratio,0.75,0.862829209896249,2,0.8064146049481244
5907,0,throughput_queueratio,0.95,0.906474461292897,2,0.9282372306464485
5990,0,throughput_queueratio,0.4250000000000001,0.8877693535514765,2,0.6563846767757383
6031,0,throughput_queueratio,0.6499999999999999,0.9127094972067039,2,0.7813547486033519
6114,0,throughput_queueratio,0.30000000000000004,0.9002394253790902,2,0.6001197126895451
6197,0,throughput_queueratio,0.6499999999999999,0.8940043894652833,2,0.7720021947326416
6241,0,throughput_queueratio,0.6499999999999999,0.9127094972067039,2,0.7813547486033519
6312,0,throughput_queueratio,0.32499999999999996,0.9127094972067039,2,0.618854748603352
6395,0,throughput_queueratio,0.55,0.9251795690343176,2,0.7375897845171588
6439,0,throughput_queueratio,0.6499999999999999,0.9376496408619314,2,0.7938248204309657
6510,0,throughput_queueratio,0.32499999999999996,0.9251795690343176,2,0.6250897845171588
6566,0,throughput_queueratio,0.55,0.9251795690343176,2,0.7375897845171588
6670,0,throughput_queueratio,0.4250000000000001,0.906474461292897,2,0.6657372306464485
6726,0,throughput_queueratio,0.825,0.9127094972067039,2,0.868854748603352
6845,0,throughput_queueratio,0.4250000000000001,0.8815343176376695,2,0.6532671588188348
6898,0,throughput_queueratio,0.95,0.9189445331205107,2,0.9344722665602554
7002,0,throughput_queueratio,0.4,0.9002394253790902,2,0.650119712689545
7076,0,throughput_queueratio,0.825,0.9189445331205107,2,0.8719722665602554
7111,0,throughput_queueratio,0.575,0.9189445331205107,2,0.7469722665602554
7149,0,throughput_queueratio,0.25,0.9376496408619314,2,0.5938248204309657
7187,0,throughput_queueratio,0.275,0.9501197126895451,2,0.6125598563447725
7216,0,throughput_queueratio,0.275,0.9501197126895451,2,0.6125598563447725
7248,0,throughput_queueratio,0.2,0.9438846767757382,2,0.5719423383878691
7286,0,throughput_queueratio,0.22499999999999995,0.9127094972067039,2,0.568854748603352
7360,0,throughput_queueratio,0.275,0.8565941739824421,2,0.565797086991221
7476,0,throughput_queueratio,0.575,0.7880087789305666,2,0.6815043894652832
7496,0,throughput_queueratio,0.925,0.8503591380686353,2,0.8876795690343177
7507,0,throughput_queueratio,0.125,0.8378890662410216,2,0.4814445331205108
7614,0,throughput_queueratio,0.05,0.769303671189146,2,0.409651835594573
7691,0,throughput_queueratio,0.8500000000000002,0.7381284916201116,2,0.794064245810056
7714,0,throughput_queueratio,0.6000000000000001,0.8004788507581804,2,0.7002394253790902
7725,0,throughput_queueratio,0.15000000000000002,0.7817737430167597,2,0.4658868715083799
7814,0,throughput_queueratio,0.05,0.7194233838786911,2,0.38471169193934557
7909,0,throughput_queueratio,0.7,0.6508379888268156,2,0.6754189944134078
7923,0,throughput_queueratio,0.75,0.6757781324820431,2,0.7128890662410216
7940,0,throughput_queueratio,0.07500000000000001,0.7318934557063048,2,0.4034467278531524
7963,0,throughput_queueratio,0.1,0.6944832402234636,2,0.3972416201117318
8073,0,throughput_queueratio,0.15000000000000002,0.6196628092577813,2,0.38483140462889065
8150,0,throughput_queueratio,0.875,0.7194233838786911,2,0.7972116919393455
8227,0,throughput_queueratio,0.6000000000000001,0.7880087789305666,2,0.6940043894652834
8244,0,throughput_queueratio,0.6000000000000001,0.8316540303272146,2,0.7158270151636074
8315,0,throughput_queueratio,0.1,0.769303671189146,2,0.434651835594573
8344,0,throughput_queueratio,0.55,0.7880087789305666,2,0.6690043894652833
8460,0,throughput_queueratio,0.2,0.7381284916201116,2,0.4690642458100558
8546,0,throughput_queueratio,0.925,0.8067138866719872,2,0.8658569433359936
8608,0,throughput_queueratio,0.675,0.8441241021548284,2,0.7595620510774141
8625,0,throughput_queueratio,0.475,0.8690642458100558,2,0.6720321229050279
8642,0,throughput_queueratio,0.1,0.8565941739824421,2,0.47829708699122103
8653,0,throughput_queueratio,0.1,0.8752992817238627,2,0.48764964086193135
8724,0,throughput_queueratio,0.05,0.8004788507581804,2,0.4252394253790902
8741,0,throughput_queueratio,0.55,0.8316540303272146,2,0.6908270151636073
8812,0,throughput_queueratio,0.1,0.7630686352753392,2,0.4315343176376696
8829,0,throughput_queueratio,0.55,0.8004788507581804,2,0.6752394253790902
8933,0,throughput_queueratio,0.1,0.7007182761372706,2,0.40035913806863527
9013,0,throughput_queueratio,0.825,0.7568335993615323,2,0.7909167996807661
9030,0,throughput_queueratio,0.625,0.769303671189146,2,0.6971518355945729
9131,0,throughput_queueratio,0.1,0.7942438148443735,2,0.4471219074221867
9232,0,throughput_queueratio,0.8,0.7942438148443735,2,0.7971219074221867
9291,0,throughput_queueratio,0.8,0.7880087789305666,2,0.7940043894652833
9332,0,throughput_queueratio,0.4499999999999999,0.8565941739824421,2,0.653297086991221
9364,0,throughput_queueratio,0.30000000000000004,0.8752992817238627,2,0.5876496408619314
9462,0,throughput_queueratio,0.22499999999999995,0.8316540303272146,2,0.5283270151636072
9521,0,throughput_queueratio,0.7749999999999998,0.8191839584996009,2,0.7970919792498004
9589,0,throughput_queueratio,0.4499999999999999,0.862829209896249,2,0.6564146049481244
9630,0,throughput_queueratio,0.525,0.8877693535514765,2,0.7063846767757382
9722,0,throughput_queueratio,0.30000000000000004,0.8503591380686353,2,0.5751795690343177
9817,0,throughput_queueratio,0.7250000000000001,0.8129489225857941,2,0.768974461292897
9888,0,throughput_queueratio,0.75,0.8254189944134078,2,0.7877094972067039
9932,0,throughput_queueratio,0.55,0.8565941739824421,2,0.7032970869912211
10039,0,throughput_queueratio,0.32499999999999996,0.8441241021548284,2,0.5845620510774141
10059,0,throughput_queueratio,0.8500000000000002,0.8752992817238627,2,0.8626496408619315
10175,0,throughput_queueratio,0.125,0.812948922585794,2,0.468974461292897
10201,0,throughput_queueratio,0.925,0.8316540303272146,2,0.8783270151636073
10305,0,throughput_queueratio,0.175,0.8067138866719872,2,0.4908569433359936
10334,0,throughput_queueratio,0.825,0.8503591380686353,2,0.8376795690343176
10444,0,throughput_queueratio,0.2,0.7568335993615323,2,0.4784167996807661
10566,0,throughput_queueratio,0.875,0.7318934557063048,2,0.8034467278531524
10664,0,throughput_queueratio,0.9750000000000002,0.7007182761372706,2,0.8378591380686353
10756,0,throughput_queueratio,0.7749999999999998,0.7817737430167597,2,0.7783868715083797
10830,0,throughput_queueratio,0.7250000000000001,0.8191839584996009,2,0.7720919792498004
10910,0,throughput_queueratio,0.575,0.7755387071029529,2,0.6752693535514764
10972,0,throughput_queueratio,0.625,0.7505985634477255,2,0.6877992817238627
11031,0,throughput_queueratio,0.475,0.7880087789305666,2,0.6315043894652833
11123,0,throughput_queueratio,0.4499999999999999,0.7443635275339185,2,0.5971817637669592
11233,0,throughput_queueratio,0.7250000000000001,0.6446029529130087,2,0.6848014764565045
11331,0,throughput_queueratio,0.875,0.6446029529130087,2,0.7598014764565044
11369,0,throughput_queueratio,0.7749999999999998,0.7568335993615323,2,0.7659167996807661
11410,0,throughput_queueratio,0.275,0.7069533120510774,2,0.4909766560255387
11475,0,throughput_queueratio,0.30000000000000004,0.6757781324820431,2,0.4878890662410216
11573,0,throughput_queueratio,0.5,0.5510774142059058,2,0.5255387071029529
11674,0,throughput_queueratio,0.7749999999999998,0.632132881085395,2,0.7035664405426973
11703,0,throughput_queueratio,0.8,0.6757781324820431,2,0.7378890662410216
11759,0,throughput_queueratio,0.2,0.6882482043096567,2,0.44412410215482834
11878,0,throughput_queueratio,0.4250000000000001,0.5635474860335195,2,0.49427374301675975
11958,0,throughput_queueratio,0.95,0.5510774142059058,2,0.7505387071029529
12038,0,throughput_queueratio,0.625,0.6009577015163607,2,0.6129788507581804
12058,0,throughput_queueratio,0.625,0.6071927374301676,2,0.6160963687150838
12123,0,throughput_queueratio,0.125,0.5760175578611332,2,0.3505087789305666
12224,0,throughput_queueratio,0.5,0.538607342378292,2,0.519303671189146
12241,0,throughput_queueratio,0.8,0.5822525937749401,2,0.6911262968874701
12270,0,throughput_queueratio,0.1,0.6009577015163607,2,0.35047885075818036
12320,0,throughput_queueratio,0.2,0.5323723064644852,2,0.3661861532322426
12442,0,throughput_queueratio,0.375,0.47625698324022336,2,0.4256284916201117
12495,0,throughput_queueratio,0.9750000000000002,0.6134277733439744,2,0.7942138866719872
12539,0,throughput_queueratio,0.4,0.5822525937749401,2,0.49112629688747006
12631,0,throughput_queueratio,0.32499999999999996,0.47625698324022336,2,0.40062849162011166
12651,0,throughput_queueratio,0.7250000000000001,0.5261372705506784,2,0.6255686352753392
12734,0,throughput_queueratio,0.125,0.5323723064644852,2,0.3286861532322426
12808,0,throughput_queueratio,0.6499999999999999,0.5697825219473264,2,0.6098912609736631
12918,0,throughput_queueratio,0.575,0.357791300877893,2,0.4663956504389465
12959,0,throughput_queueratio,0.875,0.4388467677573822,2,0.6569233838786911
13024,0,throughput_queueratio,0.30000000000000004,0.4450818036711891,2,0.3725409018355946
13119,0,throughput_queueratio,0.5,0.3889664804469273,2,0.44448324022346364
13238,0,throughput_queueratio,0.75,0.28920590582601746,2,0.5196029529130087
13261,0,throughput_queueratio,0.95,0.33285115722266556,2,0.6414255786113328
13335,0,throughput_queueratio,0.15000000000000002,0.4388467677573822,2,0.2944233838786911
13424,0,throughput_queueratio,0.575,0.37026137270550663,2,0.4726306863527533
13537,0,throughput_queueratio,0.7,0.28920590582601746,2,0.4946029529130087
13608,0,throughput_queueratio,0.8999999999999998,0.45755187549880283,2,0.6787759377494014
13685,0,throughput_queueratio,0.55,0.42637669592976846,2,0.48818834796488425
13705,0,throughput_queueratio,0.6000000000000001,0.401436552274541,2,0.5007182761372706
13740,0,throughput_queueratio,0.125,0.41390662410215473,2,0.26945331205107736
13841,0,throughput_queueratio,0.25,0.42014166001596165,2,0.3350708300079808
13957,0,throughput_queueratio,0.8,0.4326117318435754,2,0.6163058659217877
14019,0,throughput_queueratio,0.925,0.4076715881883479,2,0.666335794094174
14102,0,throughput_queueratio,0.475,0.3889664804469273,2,0.4319832402234636
14188,0,throughput_queueratio,0.6499999999999999,0.3453212290502793,2,0.4976606145251396
14208,0,throughput_queueratio,0.675,0.37649640861931355,2,0.5257482043096569
14258,0,throughput_queueratio,0.125,0.33285115722266556,2,0.22892557861133278
14281,0,throughput_queueratio,0.375,0.33285115722266556,2,0.3539255786113328
14295,0,throughput_queueratio,0.15000000000000002,0.32661612130885864,2,0.23830806065442933
14315,0,throughput_queueratio,0.07500000000000001,0.29544094173982427,2,0.18522047086991214
14416,0,throughput_queueratio,0.125,0.20815043894652818,2,0.1665752194732641
14526,0,throughput_queueratio,0.8,0.26426576217079,2,0.532132881085395
14609,0,throughput_queueratio,0.875,0.3952015163607341,2,0.635100758180367
14623,0,throughput_queueratio,0.6499999999999999,0.3577913008778929,2,0.5038956504389465
14685,0,throughput_queueratio,0.07500000000000001,0.4076715881883479,2,0.24133579409417397
14804,0,throughput_queueratio,0.475,0.28297086991221065,2,0.3789854349561053
14833,0,throughput_queueratio,0.95,0.3640263367916998,2,0.6570131683958499
14922,0,throughput_queueratio,0.2,0.4076715881883479,2,0.30383579409417394
15014,0,throughput_queueratio,0.7,0.2954409417398244,2,0.49772047086991217
15025,0,throughput_queueratio,0.7250000000000001,0.28920590582601746,2,0.5071029529130088
15045,0,throughput_queueratio,0.05,0.28297086991221065,2,0.16648543495610532
15104,0,throughput_queueratio,0.125,0.2580307262569831,2,0.19151536312849154
15151,0,throughput_queueratio,0.4499999999999999,0.2954409417398244,2,0.3727204708699121
15168,0,throughput_queueratio,0.35,0.32038108539505183,2,0.3351905426975259
15230,0,throughput_queueratio,0.1,0.28297086991221065,2,0.19148543495610532
15286,0,throughput_queueratio,0.475,0.3515562649640861,2,0.41327813248204304
15339,0,throughput_queueratio,0.4250000000000001,0.3141460494812449,2,0.3695730247406225
15362,0,throughput_queueratio,0.4,0.3079110135674381,2,0.35395550678371906
15424,0,throughput_queueratio,0.15000000000000002,0.22685554668794883,2,0.18842777334397443
15516,0,throughput_queueratio,0.475,0.3079110135674381,2,0.39145550678371904
15584,0,throughput_queueratio,0.7250000000000001,0.38273144453312047,2,0.5538657222665603
15643,0,throughput_queueratio,0.525,0.37026137270550674,2,0.4476306863527534
15762,0,throughput_queueratio,0.4499999999999999,0.2705007980845969,2,0.3602503990422984
15797,0,throughput_queueratio,0.95,0.3515562649640861,2,0.650778132482043
15907,0,throughput_queueratio,0.25,0.26426576217079,2,0.257132881085395
15960,0,throughput_queueratio,0.875,0.2705007980845969,2,0.5727503990422984
16004,0,throughput_queueratio,0.4,0.3203810853950517,2,0.3601905426975259
16126,0,throughput_queueratio,0.32499999999999996,0.26426576217079,2,0.294632881085395
16143,0,throughput_queueratio,0.9750000000000002,0.28920590582601746,2,0.6321029529130089
16208,0,throughput_queueratio,0.1,0.33908619313647237,2,0.21954309656823617
16321,0,throughput_queueratio,0.5,0.3016759776536312,2,0.4008379888268156
16398,0,throughput_queueratio,0.8999999999999998,0.3952015163607342,2,0.647600758180367
16409,0,throughput_queueratio,0.6000000000000001,0.4076715881883479,2,0.503835794094174
16483,0,throughput_queueratio,0.05,0.38273144453312047,2,0.21636572226656023
16512,0,throughput_queueratio,0.575,0.32661612130885864,2,0.4508080606544293
16553,0,throughput_queueratio,0.2,0.357791300877893,2,0.2788956504389465
16603,0,throughput_queueratio,0.30000000000000004,0.357791300877893,2,0.32889565043894653
16629,0,throughput_queueratio,0.375,0.2705007980845968,2,0.3227503990422984
16649,0,throughput_queueratio,0.175,0.2517956903431763,2,0.21339784517158814
16702,0,throughput_queueratio,0.125,0.28297086991221065,2,0.20398543495610533
16719,0,throughput_queueratio,0.4,0.18321029529130073,2,0.2916051476456504
16769,0,throughput_queueratio,0.1,0.2954409417398244,2,0.19772047086991218
16819,0,throughput_queueratio,0.375,0.3016759776536312,2,0.3383379888268156
16896,0,throughput_queueratio,0.375,0.2954409417398244,2,0.3352204708699122
16964,0,throughput_queueratio,0.6000000000000001,0.28920590582601746,2,0.4446029529130088
17071,0,throughput_queueratio,0.525,0.2580307262569831,2,0.39151536312849156
17193,0,throughput_queueratio,0.8500000000000002,0.29544094173982427,2,0.5727204708699123
17297,0,throughput_queueratio,0.9750000000000002,0.32661612130885864,2,0.6508080606544294
17311,0,throughput_queueratio,0.825,0.3016759776536312,2,0.5633379888268155
17376,0,throughput_queueratio,0.07500000000000001,0.37026137270550663,2,0.22263068635275332
17438,0,throughput_queueratio,0.5,0.41390662410215473,2,0.45695331205107736
17515,0,throughput_queueratio,0.475,0.37026137270550674,2,0.42263068635275336
17574,0,throughput_queueratio,0.6000000000000001,0.41390662410215473,2,0.5069533120510774
17672,0,throughput_queueratio,0.4499999999999999,0.33285115722266545,2,0.39142557861133265
17764,0,throughput_queueratio,0.7749999999999998,0.37026137270550674,2,0.5726306863527533
17823,0,throughput_queueratio,0.7250000000000001,0.4326117318435754,2,0.5788058659217877
17864,0,throughput_queueratio,0.4499999999999999,0.28297086991221054,2,0.3664854349561052
17938,0,throughput_queueratio,0.30000000000000004,0.33908619313647237,2,0.3195430965682362
17955,0,throughput_queueratio,0.575,0.28297086991221054,2,0.42898543495610525
18071,0,throughput_queueratio,0.1,0.32661612130885864,2,0.2133080606544293
18184,0,throughput_queueratio,0.925,0.401436552274541,2,0.6632182761372705
18201,0,throughput_queueratio,0.8999999999999998,0.37649640861931355,2,0.6382482043096567
18230,0,throughput_queueratio,0.1,0.46378691141260964,2,0.2818934557063048
18253,0,throughput_queueratio,0.2,0.3952015163607342,2,0.29760075818036713
18360,0,throughput_queueratio,0.15000000000000002,0.3141460494812449,2,0.23207302474062247
18437,0,throughput_queueratio,0.8500000000000002,0.41390662410215473,2,0.6319533120510774
18454,0,throughput_queueratio,0.6000000000000001,0.38273144453312047,2,0.4913657222665603
18480,0,throughput_queueratio,0.1,0.4513168395849959,2,0.27565841979249794
18512,0,throughput_queueratio,0.175,0.4076715881883479,2,0.291335794094174
18622,0,throughput_queueratio,0.22499999999999995,0.28297086991221065,2,0.2539854349561053
18660,0,throughput_queueratio,0.875,0.38273144453312047,2,0.6288657222665602
18686,0,throughput_queueratio,0.275,0.401436552274541,2,0.3382182761372705
18769,0,throughput_queueratio,0.175,0.33285115722266545,2,0.2539255786113327
18807,0,throughput_queueratio,0.6499999999999999,0.37649640861931355,2,0.5132482043096567
18857,0,throughput_queueratio,0.275,0.401436552274541,2,0.3382182761372705
18949,0,throughput_queueratio,0.375,0.3079110135674381,2,0.34145550678371905
19011,0,throughput_queueratio,0.7250000000000001,0.357791300877893,2,0.5413956504389466
19073,0,throughput_queueratio,0.475,0.33285115722266545,2,0.4039255786113327
19189,0,throughput_queueratio,0.475,0.27673583399840374,2,0.37586791699920186
19248,0,throughput_queueratio,0.925,0.42637669592976846,2,0.6756883479648843
19262,0,throughput_queueratio,0.4499999999999999,0.37649640861931355,2,0.4132482043096567
19336,0,throughput_queueratio,0.07500000000000001,0.3889664804469273,2,0.23198324022346364
19416,0,throughput_queueratio,0.575,0.33908619313647237,2,0.45704309656823616
19514,0,throughput_queueratio,0.625,0.401436552274541,2,0.5132182761372706
19534,0,throughput_queueratio,0.7749999999999998,0.3952015163607342,2,0.585100758180367
19650,0,throughput_queueratio,0.125,0.32661612130885864,2,0.22580806065442932
19727,0,throughput_queueratio,0.925,0.3515562649640861,2,0.638278132482043
19771,0,throughput_queueratio,0.6000000000000001,0.4326117318435754,2,0.5163058659217877
19830,0,throughput_queueratio,0.32499999999999996,0.33908619313647237,2,0.33204309656823616
19904,0,throughput_queueratio,0.4499999999999999,0.27673583399840374,2,0.3633679169992018
19921,0,throughput_queueratio,0.575,0.2517956903431763,2,0.4133978451715881
19989,0,throughput_queueratio,0.1,0.3141460494812449,2,0.20707302474062245
20090,0,throughput_queueratio,0.525,0.2580307262569832,2,0.3915153631284916
20206,0,throughput_queueratio,0.8,0.28297086991221065,2,0.5414854349561053
20271,0,throughput_queueratio,0.925,0.43261173184357526,2,0.6788058659217877
20315,0,throughput_queueratio,0.5,0.494962090981644,2,0.497481045490822
20371,0,throughput_queueratio,0.32499999999999996,0.47625698324022336,2,0.40062849162011166
20406,0,throughput_queueratio,0.4250000000000001,0.3640263367916998,2,0.39451316839584993
20483,0,throughput_queueratio,0.25,0.401436552274541,2,0.3257182761372705
20569,0,throughput_queueratio,0.6000000000000001,0.41390662410215473,2,0.5069533120510774
20604,0,throughput_queueratio,0.675,0.3640263367916998,2,0.5195131683958499
20648,0,throughput_queueratio,0.25,0.357791300877893,2,0.3038956504389465
20752,0,throughput_queueratio,0.32499999999999996,0.4513168395849959,2,0.38815841979249793
20769,0,throughput_queueratio,0.825,0.445081803671189,2,0.6350409018355945
20858,0,throughput_queueratio,0.1,0.5261372705506783,2,0.3130686352753391
20953,0,throughput_queueratio,0.7,0.3515562649640861,2,0.525778132482043
21066,0,throughput_queueratio,0.75,0.42014166001596165,2,0.5850708300079808
21149,0,throughput_queueratio,0.8999999999999998,0.494962090981644,2,0.6974810454908219
21229,0,throughput_queueratio,0.6499999999999999,0.47002194732641656,2,0.5600109736632082
21243,0,throughput_queueratio,0.625,0.4887270550678371,2,0.5568635275339185
21287,0,throughput_queueratio,0.07500000000000001,0.5011971268954509,2,0.28809856344772544
21361,0,throughput_queueratio,0.32499999999999996,0.4388467677573822,2,0.38192338387869107
21375,0,throughput_queueratio,0.575,0.401436552274541,2,0.4882182761372705
21458,0,throughput_queueratio,0.07500000000000001,0.42014166001596165,2,0.24757083000798083
21556,0,throughput_queueratio,0.6499999999999999,0.5011971268954509,2,0.5755985634477254
21657,0,throughput_queueratio,0.7749999999999998,0.41390662410215473,2,0.5944533120510773
21671,0,throughput_queueratio,0.8,0.45755187549880283,2,0.6287759377494014
21718,0,throughput_queueratio,0.07500000000000001,0.5011971268954508,2,0.28809856344772544
21765,0,throughput_queueratio,0.35,0.6134277733439744,2,0.48171388667198717
21857,0,throughput_queueratio,0.35,0.4824920191540303,2,0.41624600957701513
21868,0,throughput_queueratio,0.7250000000000001,0.5074321628092577,2,0.6162160814046289
21927,0,throughput_queueratio,0.05,0.5323723064644852,2,0.2911861532322426
21974,0,throughput_queueratio,0.4499999999999999,0.6882482043096567,2,0.5691241021548283
22018,0,throughput_queueratio,0.35,0.5884876296887469,2,0.46924381484437344
22140,0,throughput_queueratio,0.32499999999999996,0.6633080606544293,2,0.4941540303272146
22199,0,throughput_queueratio,0.9750000000000002,0.6570730247406225,2,0.8160365123703113
22282,0,throughput_queueratio,0.4499999999999999,0.7568335993615323,2,0.6034167996807661
22329,0,throughput_queueratio,0.6499999999999999,0.6820131683958499,2,0.6660065841979249
22346,0,throughput_queueratio,0.35,0.725658419792498,2,0.5378292098962489
22405,0,throughput_queueratio,0.1,0.6196628092577813,2,0.3598314046288906
22494,0,throughput_queueratio,0.4499999999999999,0.632132881085395,2,0.5410664405426975
22607,0,throughput_queueratio,0.7,0.632132881085395,2,0.6660664405426975
22630,0,throughput_queueratio,0.8999999999999998,0.7069533120510774,2,0.8034766560255386
22674,0,throughput_queueratio,0.15000000000000002,0.7069533120510774,2,0.4284766560255387
22775,0,throughput_queueratio,0.32499999999999996,0.632132881085395,2,0.4785664405426975
22855,0,throughput_queueratio,0.8,0.6508379888268156,2,0.7254189944134078
22971,0,throughput_queueratio,0.625,0.7630686352753391,2,0.6940343176376695
23039,0,throughput_queueratio,0.925,0.7443635275339185,2,0.8346817637669592
23149,0,throughput_queueratio,0.525,0.6508379888268156,2,0.5879189944134078
23265,0,throughput_queueratio,0.875,0.6258978451715882,2,0.7504489225857941
23342,0,throughput_queueratio,0.925,0.7630686352753391,2,0.8440343176376696
23386,0,throughput_queueratio,0.6000000000000001,0.7131883479648842,2,0.6565941739824421
23442,0,throughput_queueratio,0.32499999999999996,0.7568335993615323,2,0.5409167996807661
23489,0,throughput_queueratio,0.4250000000000001,0.7443635275339185,2,0.5846817637669594
23593,0,throughput_queueratio,0.35,0.8129489225857941,2,0.581474461292897
23670,0,throughput_queueratio,0.825,0.7817737430167597,2,0.8033868715083798
23690,0,throughput_queueratio,0.6000000000000001,0.8067138866719872,2,0.7033569433359936
23746,0,throughput_queueratio,0.125,0.7942438148443735,2,0.4596219074221867
23781,0,throughput_queueratio,0.4250000000000001,0.862829209896249,2,0.6439146049481246
23894,0,throughput_queueratio,0.25,0.6757781324820431,2,0.46288906624102155
23953,0,throughput_queueratio,0.8999999999999998,0.6570730247406225,2,0.7785365123703112
24060,0,throughput_queueratio,0.4499999999999999,0.6196628092577813,2,0.5348314046288906
24113,0,throughput_queueratio,0.8500000000000002,0.7755387071029529,2,0.8127693535514766
24142,0,throughput_queueratio,0.4,0.7069533120510774,2,0.5534766560255386
24222,0,throughput_queueratio,0.2,0.6071927374301676,2,0.40359636871508375
24308,0,throughput_queueratio,0.625,0.632132881085395,2,0.6285664405426975
24397,0,throughput_queueratio,0.675,0.7630686352753391,2,0.7190343176376696
24510,0,throughput_queueratio,0.7,0.6944832402234636,2,0.6972416201117317
24554,0,throughput_queueratio,0.8999999999999998,0.7131883479648842,2,0.806594173982442
24619,0,throughput_queueratio,0.32499999999999996,0.7194233838786911,2,0.5222116919393456
24681,0,throughput_queueratio,0.5,0.8316540303272146,2,0.6658270151636073
24710,0,throughput_queueratio,0.475,0.7942438148443735,2,0.6346219074221867
24787,0,throughput_queueratio,0.2,0.7381284916201116,2,0.4690642458100558
24834,0,throughput_queueratio,0.6000000000000001,0.725658419792498,2,0.662829209896249
24944,0,throughput_queueratio,0.35,0.8067138866719872,2,0.5783569433359936
24994,0,throughput_queueratio,0.875,0.8191839584996009,2,0.8470919792498004
25056,0,throughput_queueratio,0.375,0.8565941739824421,2,0.615797086991221
25160,0,throughput_queueratio,0.475,0.8254189944134078,2,0.6502094972067038
25255,0,throughput_queueratio,0.825,0.8004788507581804,2,0.8127394253790902
25266,0,throughput_queueratio,0.75,0.8254189944134078,2,0.7877094972067039
25361,0,throughput_queueratio,0.05,0.8129489225857941,2,0.43147446129289707
25465,0,throughput_queueratio,0.75,0.7942438148443735,2,0.7721219074221868
25569,0,throughput_queueratio,0.825,0.769303671189146,2,0.797151835594573
25691,0,throughput_queueratio,0.825,0.8503591380686353,2,0.8376795690343176
25768,0,throughput_queueratio,0.9750000000000002,0.8752992817238627,2,0.9251496408619315
25815,0,throughput_queueratio,0.6000000000000001,0.9189445331205107,2,0.7594722665602553
25835,0,throughput_queueratio,0.35,0.9376496408619314,2,0.6438248204309657
25885,0,throughput_queueratio,0.125,0.9438846767757382,2,0.5344423383878691
25911,0,throughput_queueratio,0.375,0.9438846767757382,2,0.6594423383878691
25943,0,throughput_queueratio,0.175,0.9314146049481244,2,0.5532073024740622
26047,0,throughput_queueratio,0.22499999999999995,0.9002394253790902,2,0.562619712689545
26148,0,throughput_queueratio,0.825,0.8752992817238627,2,0.8501496408619313
26177,0,throughput_queueratio,0.8,0.906474461292897,2,0.8532372306464485
26188,0,throughput_queueratio,0.2,0.9314146049481244,2,0.5657073024740622
26235,0,throughput_queueratio,0.05,0.9189445331205107,2,0.4844722665602554
26285,0,throughput_queueratio,0.35,0.906474461292897,2,0.6282372306464485
26296,0,throughput_queueratio,0.375,0.9314146049481244,2,0.6532073024740622
26385,0,throughput_queueratio,0.05,0.8877693535514765,2,0.46888467677573825
26414,0,throughput_queueratio,0.7,0.8940043894652833,2,0.7970021947326416
26437,0,throughput_queueratio,0.2,0.9127094972067039,2,0.556354748603352
26514,0,throughput_queueratio,0.15000000000000002,0.9314146049481244,2,0.5407073024740623
26624,0,throughput_queueratio,0.6000000000000001,0.9189445331205107,2,0.7594722665602553
26710,0,throughput_queueratio,0.875,0.9002394253790902,2,0.8876197126895451
26748,0,throughput_queueratio,0.675,0.9189445331205107,2,0.7969722665602554
26765,0,throughput_queueratio,0.275,0.9251795690343176,2,0.6000897845171589
26827,0,throughput_queueratio,0.1,0.9501197126895451,2,0.5250598563447726
26913,0,throughput_queueratio,0.475,0.8815343176376695,2,0.6782671588188347
26996,0,throughput_queueratio,0.675,0.8441241021548284,2,0.7595620510774141
27109,0,throughput_queueratio,0.6499999999999999,0.862829209896249,2,0.7564146049481244
27189,0,throughput_queueratio,0.8999999999999998,0.8940043894652833,2,0.8970021947326415
27302,0,throughput_queueratio,0.625,0.8565941739824421,2,0.740797086991221
27355,0,throughput_queueratio,0.8999999999999998,0.8877693535514765,2,0.8938846767757381
27450,0,throughput_queueratio,0.4,0.906474461292897,2,0.6532372306464485
27467,0,throughput_queueratio,0.75,0.9314146049481244,2,0.8407073024740622
27574,0,throughput_queueratio,0.1,0.8877693535514765,2,0.4938846767757382
27687,0,throughput_queueratio,0.8500000000000002,0.8752992817238627,2,0.8626496408619315
27785,0,throughput_queueratio,0.8999999999999998,0.8441241021548284,2,0.8720620510774141
27889,0,throughput_queueratio,0.7749999999999998,0.8815343176376695,2,0.8282671588188346
27939,0,throughput_queueratio,0.825,0.9251795690343176,2,0.8750897845171588
28055,0,throughput_queueratio,0.375,0.8877693535514765,2,0.6313846767757383
28096,0,throughput_queueratio,0.925,0.9002394253790902,2,0.9126197126895451
28212,0,throughput_queueratio,0.30000000000000004,0.8378890662410216,2,0.5689445331205107
28283,0,throughput_queueratio,0.925,0.8690642458100558,2,0.897032122905028
28294,0,throughput_queueratio,0.55,0.9002394253790902,2,0.7251197126895451
28326,0,throughput_queueratio,0.05,0.9127094972067039,2,0.481354748603352
28361,0,throughput_queueratio,0.22499999999999995,0.9314146049481244,2,0.5782073024740622
28480,0,throughput_queueratio,0.25,0.8877693535514765,2,0.5688846767757383
28497,0,throughput_queueratio,0.95,0.9251795690343176,2,0.9375897845171588
28610,0,throughput_queueratio,0.1,0.8690642458100558,2,0.4845321229050279
28660,0,throughput_queueratio,0.8999999999999998,0.8877693535514765,2,0.8938846767757381
28701,0,throughput_queueratio,0.375,0.9002394253790902,2,0.6376197126895451
28751,0,throughput_queueratio,0.30000000000000004,0.9376496408619314,2,0.6188248204309656
28780,0,throughput_queueratio,0.375,0.9501197126895451,2,0.6625598563447725
28836,0,throughput_queueratio,0.2,0.9376496408619314,2,0.5688248204309657
28946,0,throughput_queueratio,0.4250000000000001,0.8940043894652833,2,0.6595021947326417
29056,0,throughput_queueratio,0.875,0.8565941739824421,2,0.865797086991221
29082,0,throughput_queueratio,0.875,0.8940043894652833,2,0.8845021947326417
29111,0,throughput_queueratio,0.175,0.9376496408619314,2,0.5563248204309656
29230,0,throughput_queueratio,0.2,0.8690642458100558,2,0.5345321229050279
29307,0,throughput_queueratio,0.95,0.8378890662410216,2,0.8939445331205107
29381,0,throughput_queueratio,0.6000000000000001,0.862829209896249,2,0.7314146049481245
29503,0,throughput_queueratio,0.575,0.862829209896249,2,0.7189146049481245
29562,0,throughput_queueratio,0.9750000000000002,0.906474461292897,2,0.9407372306464485
29666,0,throughput_queueratio,0.4499999999999999,0.8877693535514765,2,0.6688846767757382
29695,0,throughput_queueratio,0.825,0.9251795690343176,2,0.8750897845171588
29763,0,throughput_queueratio,0.2,0.906474461292897,2,0.5532372306464485
29798,0,throughput_queueratio,0.525,0.9438846767757382,2,0.7344423383878691
29872,0,throughput_queueratio,0.25,0.906474461292897,2,0.5782372306464485
29943,0,throughput_queueratio,0.575,0.906474461292897,2,0.7407372306464485
30032,0,throughput_queueratio,0.55,0.8940043894652833,2,0.7220021947326416
30082,0,throughput_queueratio,0.7,0.906474461292897,2,0.8032372306464485
30093,0,throughput_queueratio,0.375,0.9189445331205107,2,0.6469722665602553
30119,0,throughput_queueratio,0.05,0.9376496408619314,2,0.4938248204309657
30208,0,throughput_queueratio,0.175,0.9189445331205107,2,0.5469722665602553
30285,0,throughput_queueratio,0.7,0.9002394253790902,2,0.8001197126895451
30338,0,throughput_queueratio,0.6000000000000001,0.9002394253790902,2,0.7501197126895451
30361,0,throughput_queueratio,0.4,0.9251795690343176,2,0.6625897845171589
30402,0,throughput_queueratio,0.15000000000000002,0.9376496408619314,2,0.5438248204309657
30518,0,throughput_queueratio,0.30000000000000004,0.8690642458100558,2,0.584532122905028
30568,0,throughput_queueratio,0.925,0.8815343176376695,2,0.9032671588188348
30630,0,throughput_queueratio,0.375,0.9189445331205107,2,0.6469722665602553
30698,0,throughput_queueratio,0.475,0.9189445331205107,2,0.6969722665602553
30790,0,throughput_queueratio,0.525,0.9002394253790902,2,0.712619712689545
30891,0,throughput_queueratio,0.7250000000000001,0.8690642458100558,2,0.7970321229050279
30944,0,throughput_queueratio,0.8,0.906474461292897,2,0.8532372306464485
30991,0,throughput_queueratio,0.4,0.9314146049481244,2,0.6657073024740623
31053,0,throughput_queueratio,0.35,0.9251795690343176,2,0.6375897845171588
31085,0,throughput_queueratio,0.475,0.9376496408619314,2,0.7063248204309657
31195,0,throughput_queueratio,0.22499999999999995,0.9002394253790902,2,0.562619712689545
31311,0,throughput_queueratio,0.875,0.8690642458100558,2,0.8720321229050279
31352,0,throughput_queueratio,0.925,0.906474461292897,2,0.9157372306464485
31447,0,throughput_queueratio,0.30000000000000004,0.8752992817238627,2,0.5876496408619314
31509,0,throughput_queueratio,0.75,0.906474461292897,2,0.8282372306464485
31604,0,throughput_queueratio,0.475,0.8815343176376695,2,0.6782671588188347
31657,0,throughput_queueratio,0.75,0.9002394253790902,2,0.8251197126895451
31749,0,throughput_queueratio,0.4,0.8752992817238627,2,0.6376496408619314
31835,0,throughput_queueratio,0.7250000000000001,0.8940043894652833,2,0.8095021947326417
31864,0,throughput_queueratio,0.675,0.9189445331205107,2,0.7969722665602554
31956,0,throughput_queueratio,0.2,0.906474461292897,2,0.5532372306464485
31979,0,throughput_queueratio,0.7250000000000001,0.9376496408619314,2,0.8313248204309658
32011,0,throughput_queueratio,0.15000000000000002,0.9438846767757382,2,0.5469423383878691
32040,0,throughput_queueratio,0.22499999999999995,0.9438846767757382,2,0.5844423383878691
32120,0,throughput_queueratio,0.2,0.9189445331205107,2,0.5594722665602554
32206,0,throughput_queueratio,0.625,0.9002394253790902,2,0.7626197126895451
32232,0,throughput_queueratio,0.675,0.9314146049481244,2,0.8032073024740622
32309,0,throughput_queueratio,0.175,0.9127094972067039,2,0.5438547486033519
32326,0,throughput_queueratio,0.6000000000000001,0.9314146049481244,2,0.7657073024740623
32379,0,throughput_queueratio,0.1,0.9251795690343176,2,0.5125897845171589
32489,0,throughput_queueratio,0.4,0.9376496408619314,2,0.6688248204309657
32542,0,throughput_queueratio,0.875,0.9563547486033519,2,0.915677374301676
32580,0,throughput_queueratio,0.4,0.9875299281723863,2,0.6937649640861931
