step,vehicle_id,departDelay,duration,routeLength,waitingTime,waitingCount,timeLoss
40.00,1,-0.19,39.00,615.10,0.00,0,5.09
47.00,0,0.00,47.00,617.75,2.00,1,15.40
49.00,5,-0.95,44.00,615.10,0.00,0,5.00
55.00,9,-0.71,45.00,596.93,0.00,0,7.78
64.00,17,-0.23,44.00,617.75,0.00,0,8.82
66.00,18,1.58,43.00,617.75,0.00,0,7.41
70.00,27,-0.13,38.00,615.10,0.00,0,4.64
74.00,28,1.68,39.00,596.93,0.00,0,10.58
96.00,46,-0.74,42.00,617.75,0.00,0,8.49
98.00,47,1.07,41.00,615.10,0.00,0,5.68
99.00,51,-0.69,39.00,596.93,0.00,0,11.95
109.00,58,-0.02,40.00,596.93,0.00,0,8.99
119.00,64,-0.16,43.00,617.75,0.00,0,7.15
124.00,65,1.65,45.00,596.93,0.00,0,8.88
126.00,67,2.27,44.00,617.75,0.00,0,8.08
129.00,71,0.51,44.00,617.75,0.00,0,9.72
133.00,78,-0.82,41.00,617.75,0.00,0,8.04
139.00,82,-0.58,42.00,596.93,0.00,0,9.84
140.00,85,-0.15,39.00,615.10,0.00,0,5.80
155.00,92,-0.48,46.00,596.93,0.00,0,8.52
155.00,93,1.33,43.00,617.75,0.00,0,6.46
160.00,32,2.92,119.00,615.10,73.00,1,87.17
161.00,4,-0.76,157.00,617.75,113.00,1,124.52
162.00,13,-0.47,147.00,617.75,103.00,1,117.63
162.00,23,-0.37,135.00,615.10,87.00,1,98.64
163.00,26,-0.94,133.00,596.93,86.00,1,98.31
163.00,39,0.59,116.00,615.10,70.00,1,80.86
165.00,20,-0.80,142.00,617.75,95.00,1,109.59
165.00,30,-0.70,130.00,596.93,83.00,1,102.87
165.00,53,0.93,101.00,615.10,51.00,1,71.48
166.00,31,1.11,128.00,596.93,81.00,1,100.67
166.00,54,2.74,99.00,615.10,48.00,1,67.39
167.00,37,-0.03,123.00,617.75,76.00,1,94.47
168.00,60,4.60,92.00,615.10,43.00,1,62.17
169.00,40,2.40,119.00,617.75,71.00,1,86.61
169.00,43,1.83,116.00,596.93,68.00,1,85.16
170.00,62,5.22,91.00,615.10,40.00,1,58.99
171.00,44,3.64,115.00,596.93,66.00,1,84.41
171.00,68,7.08,83.00,615.10,32.00,1,52.19
172.00,52,-0.88,111.00,617.75,61.00,1,78.54
173.00,80,4.80,73.00,615.10,22.00,1,41.67
174.00,55,4.55,104.00,596.93,54.00,1,71.52
174.00,57,5.17,101.00,617.75,52.00,1,71.42
174.00,90,1.90,65.00,615.10,17.00,1,33.75
176.00,88,1.28,70.00,615.10,17.00,2,38.38
177.00,63,7.03,95.00,596.93,43.00,1,62.71
177.00,73,4.13,86.00,617.75,33.00,1,54.65
180.00,77,2.37,86.00,617.75,32.00,1,51.93
181.00,66,6.46,96.00,596.93,40.00,1,60.64
181.00,81,6.61,78.00,615.10,23.00,1,46.08
182.00,79,2.99,85.00,596.93,30.00,1,55.34
183.00,98,-0.62,67.00,617.75,14.00,1,37.68
186.00,113,-0.47,52.00,617.75,0.00,0,19.29
190.00,115,0.15,53.00,617.75,0.00,0,17.08
194.00,3,1.43,189.00,615.10,145.00,1,159.49
195.00,2,-0.38,193.00,615.10,148.00,1,161.49
196.00,10,0.10,184.00,596.93,140.00,1,154.31
197.00,8,-0.52,188.00,617.75,139.00,1,152.64
198.00,14,1.34,180.00,615.10,130.00,1,147.32
199.00,12,0.72,184.00,617.75,135.00,1,151.97
199.00,34,-0.46,159.00,615.10,110.00,1,127.09
200.00,15,3.15,179.00,596.93,132.00,1,145.15
202.00,41,-0.79,154.00,615.10,102.00,1,120.85
202.00,61,-0.59,130.00,596.93,82.00,1,100.89
203.00,25,-0.75,174.00,615.10,123.00,1,137.11
203.00,95,-0.05,90.00,596.93,43.00,1,60.40
204.00,42,1.02,153.00,615.10,105.00,1,124.01
204.00,59,-0.21,134.00,615.10,82.00,1,100.99
205.00,29,-0.51,171.00,617.75,118.00,1,135.71
206.00,99,1.19,87.00,596.93,39.00,1,57.15
206.00,116,-0.04,68.00,615.10,17.00,1,40.45
207.00,129,0.49,53.00,615.10,0.00,0,21.42
210.00,103,-0.57,88.00,596.93,36.00,1,54.44
211.00,108,1.48,81.00,596.93,30.00,1,50.92
212.00,50,-0.50,153.00,617.75,96.00,1,113.78
213.00,69,-0.11,131.00,617.75,76.00,1,98.58
213.00,122,-0.18,68.00,596.93,19.00,1,37.38
215.00,70,1.70,130.00,617.75,75.00,1,97.18
215.00,125,-0.75,67.00,596.93,16.00,1,38.75
216.00,74,-0.06,128.00,617.75,73.00,1,93.63
218.00,76,0.56,127.00,617.75,71.00,1,94.86
219.00,126,1.06,68.00,596.93,15.00,1,36.95
220.00,144,-0.36,49.00,615.10,0.00,0,5.15
222.00,97,0.57,106.00,617.75,47.00,1,69.60
222.00,135,-0.65,62.00,596.93,6.00,1,29.84
224.00,106,-0.14,98.00,617.75,40.00,1,64.84
225.00,107,0.67,97.00,617.75,40.00,1,65.17
226.00,153,-0.07,44.00,596.93,0.00,0,9.41
228.00,147,-0.93,54.00,617.75,0.00,0,20.54
228.00,155,0.55,43.00,596.93,0.00,0,14.37
229.00,151,-0.69,50.00,617.75,0.00,0,17.32
231.00,156,2.36,43.00,617.75,0.00,0,14.70
233.00,157,4.17,42.00,617.75,0.00,0,11.39
233.00,161,2.41,39.00,596.93,0.00,0,9.51
238.00,6,-0.14,231.00,615.10,187.00,1,200.32
239.00,11,1.91,224.00,607.65,179.00,1,192.32
239.00,19,-0.61,217.00,615.10,175.00,1,189.35
241.00,16,-0.04,222.00,615.10,172.00,1,185.26
241.00,21,0.01,216.00,615.10,167.00,1,183.94
242.00,35,0.35,200.00,615.10,153.00,1,168.90
243.00,7,1.67,233.00,596.93,183.00,1,197.04
243.00,22,1.82,215.00,615.10,169.00,1,182.37
245.00,33,-0.27,206.00,617.75,161.00,1,176.96
245.00,75,-0.25,156.00,615.10,104.00,1,123.11
247.00,24,2.44,216.00,596.93,163.00,1,176.82
248.00,49,1.69,188.00,615.10,136.00,1,150.80
248.00,91,3.71,136.00,615.10,82.00,1,99.92
249.00,36,2.16,204.00,617.75,156.00,1,169.91
249.00,100,0.00,130.00,615.10,79.00,1,100.21
251.00,38,2.78,203.00,617.75,154.00,1,172.92
251.00,56,-0.64,185.00,596.93,132.00,1,148.87
251.00,102,3.62,126.00,615.10,75.00,1,92.87
252.00,72,-0.68,167.00,596.93,115.00,1,133.52
253.00,45,-0.55,200.00,617.75,149.00,1,169.08
253.00,101,1.81,131.00,615.10,74.00,1,96.98
254.00,83,-0.77,156.00,596.93,105.00,1,122.99
254.00,119,1.39,111.00,615.10,58.00,1,81.04
256.00,84,1.04,155.00,596.93,103.00,1,127.25
256.00,120,3.20,110.00,615.10,55.00,1,75.72
257.00,152,-0.88,77.00,615.10,27.00,1,47.28
259.00,48,-0.12,202.00,617.75,146.00,1,164.18
259.00,86,1.66,155.00,596.93,101.00,1,122.52
259.00,168,-0.92,60.00,615.10,9.00,1,27.34
260.00,87,3.47,153.00,617.75,98.00,1,121.44
261.00,165,-0.35,65.00,615.10,8.00,1,29.84
262.00,89,3.09,153.00,617.75,98.00,1,120.52
262.00,118,-0.42,122.00,596.93,65.00,1,89.47
264.00,105,3.05,136.00,617.75,80.00,1,104.48
268.00,94,3.14,153.00,617.75,109.00,1,122.65
269.00,109,-0.71,140.00,615.10,94.00,1,106.40
270.00,104,-0.76,147.00,615.10,100.00,1,111.14
270.00,112,-0.28,137.00,615.10,92.00,1,108.03
270.00,114,0.34,134.00,615.10,91.00,1,105.02
271.00,96,3.76,153.00,617.75,106.00,1,119.73
272.00,117,-0.23,133.00,615.10,82.00,2,100.62
272.00,121,-0.99,129.00,615.10,81.00,2,99.68
272.00,124,-0.56,125.00,605.00,79.00,1,95.32
273.00,133,-0.27,115.00,615.10,65.00,1,84.40
275.00,138,-0.22,111.00,615.10,64.00,1,78.97
275.00,139,1.59,108.00,615.10,58.00,2,74.77
276.00,127,-0.13,125.00,596.93,72.00,1,86.21
276.00,141,2.21,106.00,596.93,57.00,1,78.79
278.00,143,2.83,105.00,617.75,56.00,1,75.84
279.00,149,1.69,100.00,615.10,44.00,1,69.35
279.00,160,0.60,88.00,615.10,37.00,1,51.52
281.00,169,-0.11,80.00,615.10,28.00,1,45.46
282.00,158,-0.02,94.00,615.10,35.00,2,58.31
282.00,181,-0.39,67.00,615.10,16.00,1,35.83
284.00,146,2.26,108.00,617.75,54.00,1,70.13
284.00,187,-0.53,62.00,596.93,10.00,1,26.81
284.00,191,0.71,56.00,615.10,3.00,1,21.17
285.00,167,-0.73,87.00,617.75,34.00,1,54.82
285.00,189,0.09,60.00,586.83,7.00,1,28.20
285.00,198,-0.62,50.00,615.10,1.00,1,20.01
287.00,176,-0.44,78.00,617.75,26.00,1,47.11
287.00,201,-0.19,48.00,615.10,0.00,0,11.72
288.00,183,0.23,70.00,617.75,18.00,1,39.34
289.00,207,-0.33,43.00,596.93,0.00,0,10.14
290.00,193,0.33,60.00,617.75,8.00,1,28.75
296.00,130,-0.70,142.00,596.93,99.00,1,110.67
297.00,142,0.02,128.00,605.00,84.00,1,94.34
298.00,140,-0.60,132.00,615.10,86.00,1,102.83
299.00,137,-0.03,136.00,596.93,92.00,1,103.81
300.00,148,-0.12,124.00,617.75,77.00,1,89.28
300.00,150,0.50,121.00,615.10,71.00,1,87.44
300.00,164,-0.16,105.00,596.93,61.00,1,74.43
301.00,154,-0.26,118.00,617.75,72.00,1,86.96
301.00,159,-0.21,112.00,615.10,64.00,2,84.08
302.00,170,-0.30,100.00,596.93,54.00,1,70.83
303.00,205,-0.95,60.00,615.10,9.00,1,28.41
304.00,212,-0.28,52.00,605.00,6.00,1,20.90
305.00,162,0.22,112.00,607.65,64.00,1,78.71
305.00,213,-0.47,52.00,596.93,4.00,1,22.17
306.00,217,0.77,47.00,615.10,0.00,0,16.85
307.00,163,-0.97,114.00,617.75,64.00,1,84.52
311.00,188,-0.72,88.00,617.75,35.00,1,53.74
312.00,214,1.34,56.00,596.93,2.00,1,17.26
313.00,220,0.20,51.00,596.93,0.00,0,18.93
314.00,210,-0.90,65.00,617.75,12.00,1,34.92
315.00,232,-0.08,39.00,615.10,0.00,0,5.58
316.00,199,-0.81,80.00,617.75,23.00,1,39.91
322.00,235,-0.65,43.00,617.75,0.00,0,8.47
323.00,241,-0.79,37.00,615.10,0.00,0,5.75
329.00,243,-0.17,40.00,607.65,0.00,0,7.07
332.00,248,-0.12,37.00,596.93,0.00,0,9.34
334.00,246,-0.74,42.00,617.75,0.00,0,7.61
337.00,249,1.69,39.00,596.93,0.00,0,10.13
340.00,257,-0.83,35.00,617.75,0.00,0,9.34
343.00,250,3.50,42.00,596.93,0.00,0,8.38
361.00,267,-0.73,44.00,596.93,0.00,0,9.19
367.00,277,-0.63,38.00,617.75,0.00,0,10.54
373.00,278,1.18,41.00,596.93,0.00,0,9.18
375.00,281,0.61,40.00,596.93,0.00,0,10.37
378.00,288,-0.72,36.00,615.10,0.00,0,6.69
385.00,284,0.04,47.00,615.10,0.00,0,5.17
386.00,292,-0.48,39.00,617.75,0.00,0,8.94
388.00,293,1.33,38.00,596.93,0.00,0,9.34
399.00,304,-0.76,38.00,615.10,0.00,0,5.38
406.00,305,1.05,42.00,617.75,0.00,0,6.96
412.00,186,-0.34,191.00,615.10,147.00,1,160.97
413.00,175,-0.25,205.00,596.93,159.00,1,170.92
414.00,166,-0.54,217.00,617.75,172.00,1,183.69
416.00,178,-0.82,205.00,617.75,158.00,1,174.03
417.00,180,-0.20,203.00,617.75,157.00,1,172.99
417.00,190,-0.10,191.00,596.93,142.00,1,155.18
417.00,197,0.57,182.00,615.10,133.00,1,145.01
418.00,202,-0.38,178.00,615.10,126.00,1,147.23
418.00,206,-0.14,173.00,596.93,125.00,1,141.19
420.00,211,2.91,166.00,615.10,112.00,1,134.78
421.00,234,1.54,141.00,615.10,89.00,1,106.20
422.00,208,0.48,174.00,596.93,122.00,1,140.06
423.00,209,2.29,172.00,596.93,122.00,1,140.06
423.00,247,1.07,128.00,615.10,79.00,1,96.93
425.00,195,-0.05,193.00,617.75,139.00,1,153.00
426.00,218,-0.42,167.00,596.93,118.00,1,136.01
426.00,231,-0.89,152.00,617.75,100.00,1,122.92
427.00,228,-0.32,156.00,596.93,107.00,1,126.84
429.00,233,-0.27,152.00,596.93,101.00,1,124.00
429.00,237,0.97,146.00,617.75,91.00,1,108.17
429.00,260,1.60,118.00,615.10,63.00,1,75.30
430.00,240,0.40,144.00,617.75,90.00,1,109.20
430.00,262,2.22,116.00,615.10,59.00,1,84.83
431.00,265,1.65,114.00,615.10,55.00,1,81.08
432.00,244,1.64,140.00,617.75,86.00,1,107.46
433.00,276,0.56,104.00,615.10,46.00,1,67.44
434.00,242,1.02,145.00,596.93,89.00,1,111.42
434.00,258,0.98,126.00,617.75,71.00,1,92.99
435.00,266,3.46,115.00,615.10,57.00,1,82.27
435.00,280,2.80,99.00,615.10,43.00,2,66.32
436.00,301,-0.19,78.00,615.10,22.00,1,44.00
438.00,254,-0.26,136.00,596.93,78.00,1,99.16
438.00,283,5.23,96.00,615.10,41.00,1,64.72
441.00,274,-0.06,115.00,617.75,55.00,1,76.36
443.00,272,-0.68,120.00,596.93,60.00,1,89.47
443.00,286,4.66,98.00,617.75,40.00,1,64.37
443.00,333,-0.27,47.00,615.10,0.00,0,12.87
445.00,255,1.55,140.00,596.93,74.00,1,95.09
445.00,309,-0.71,78.00,617.75,20.00,1,46.02
445.00,340,-0.60,41.00,615.10,0.00,0,11.57
446.00,263,16.03,117.00,586.83,56.00,1,83.89
447.00,279,0.99,114.00,596.93,54.00,1,81.20
449.00,310,0.10,80.00,617.75,19.00,1,43.73
450.00,346,0.26,38.00,615.10,0.00,0,8.79
451.00,282,3.42,112.00,596.93,50.00,1,77.55
454.00,287,6.47,106.00,596.93,43.00,1,70.63
454.00,323,-0.37,70.00,617.75,7.00,1,29.89
455.00,329,0.49,63.00,617.75,0.00,0,25.92
456.00,303,0.43,95.00,596.93,31.00,1,63.60
456.00,338,-0.22,54.00,617.75,0.00,0,19.80
457.00,314,-0.66,84.00,596.93,20.00,1,57.82
460.00,341,1.21,53.00,617.75,0.00,0,14.44
461.00,327,-0.13,72.00,596.93,5.00,1,37.90
462.00,342,2.02,53.00,596.93,0.00,0,21.57
463.00,358,0.98,36.00,615.10,0.00,0,5.99
467.00,357,-0.83,43.00,596.93,0.00,0,9.54
482.00,128,-0.32,330.00,596.93,273.00,2,301.33
486.00,110,0.10,355.00,617.75,295.00,2,319.54
486.00,172,0.32,281.00,615.10,223.00,2,244.79
486.00,174,3.94,275.00,615.10,218.00,2,241.90
487.00,132,-0.08,330.00,596.93,269.00,2,296.02
488.00,134,0.54,328.00,596.93,267.00,2,302.10
489.00,111,1.91,355.00,617.75,291.00,2,316.96
489.00,185,4.85,264.00,615.10,215.00,1,228.91
490.00,145,-0.55,318.00,596.93,255.00,2,289.00
490.00,194,0.14,259.00,615.10,209.00,1,227.27
491.00,123,2.63,342.00,617.75,277.00,2,309.42
492.00,131,-0.89,337.00,617.75,273.00,2,306.23
492.00,173,2.13,284.00,596.93,223.00,2,255.67
492.00,223,1.63,225.00,615.10,176.00,1,194.72
493.00,226,4.06,220.00,615.10,170.00,1,194.33
494.00,136,2.16,330.00,607.65,265.00,2,300.77
495.00,229,3.49,219.00,615.10,167.00,1,186.77
496.00,177,3.37,282.00,596.93,214.00,2,250.48
497.00,179,3.99,280.00,596.93,212.00,1,250.42
497.00,298,-0.62,143.00,615.10,95.00,1,110.06
498.00,306,-0.14,134.00,615.10,84.00,1,103.84
500.00,171,-0.49,297.00,617.75,227.00,2,259.71
500.00,308,0.48,133.00,615.10,80.00,1,100.53
501.00,182,3.42,281.00,596.93,211.00,1,249.56
501.00,184,4.04,278.00,607.65,210.00,1,242.85
502.00,192,-0.48,274.00,596.93,212.00,1,245.36
503.00,200,0.00,265.00,617.75,210.00,1,230.36
503.00,324,-0.56,118.00,615.10,64.00,1,83.34
504.00,331,-0.89,111.00,615.10,60.00,1,79.72
505.00,203,-0.57,264.00,617.75,208.00,1,233.68
506.00,230,5.30,227.00,596.93,172.00,1,195.53
507.00,264,-0.16,193.00,596.93,140.00,1,164.42
507.00,359,-0.21,80.00,615.10,29.00,1,43.08
509.00,366,0.46,73.00,615.10,22.00,1,43.98
511.00,222,-0.18,247.00,617.75,186.00,1,207.90
511.00,380,-0.20,59.00,615.10,8.00,1,21.35
512.00,268,-0.92,194.00,596.93,138.00,1,160.39
512.00,391,1.71,45.00,615.10,0.00,0,16.48
513.00,224,3.44,243.00,617.75,183.00,1,210.16
513.00,269,-0.11,193.00,596.93,135.00,1,167.70
514.00,394,1.14,44.00,615.10,0.00,0,17.01
515.00,253,-0.07,214.00,617.75,154.00,1,179.63
518.00,215,-0.85,263.00,615.10,220.00,1,233.12
518.00,236,-0.84,238.00,615.10,195.00,1,207.42
519.00,196,-0.24,286.00,617.75,227.00,2,254.24
522.00,204,-0.76,280.00,617.75,221.00,1,248.92
522.00,216,0.96,264.00,596.93,218.00,1,230.41
523.00,221,0.01,260.00,596.93,214.00,1,231.98
523.00,251,-0.69,225.00,615.10,176.00,1,188.28
524.00,252,1.12,223.00,615.10,172.00,1,190.81
526.00,219,-0.61,266.00,617.75,217.00,1,229.53
526.00,225,-0.75,259.00,596.93,210.00,1,226.64
528.00,227,-0.13,258.00,617.75,209.00,1,227.62
528.00,238,-0.22,245.00,596.93,197.00,1,215.79
528.00,259,-0.21,220.00,615.10,168.00,1,181.33
528.00,289,-0.91,185.00,615.10,136.00,1,157.58
529.00,275,-0.25,202.00,615.10,150.00,1,169.19
530.00,239,1.59,244.00,617.75,194.00,1,214.08
531.00,245,-0.55,240.00,596.93,190.00,1,208.52
531.00,294,2.14,179.00,615.10,131.00,1,148.11
532.00,299,5.19,171.00,615.10,123.00,1,143.40
533.00,256,-0.64,229.00,617.75,175.00,1,194.86
534.00,296,2.76,179.00,615.10,124.00,2,150.02
534.00,317,-0.23,157.00,615.10,106.00,1,124.01
535.00,261,0.41,224.00,617.75,171.00,1,194.24
535.00,339,-0.41,132.00,615.10,80.00,1,104.80
536.00,290,0.90,190.00,615.10,133.00,2,156.78
536.00,319,0.39,156.00,596.93,105.00,1,128.11
537.00,345,1.45,125.00,615.10,72.00,2,91.28
538.00,270,-0.30,217.00,617.75,162.00,1,183.10
539.00,372,-0.68,97.00,615.10,48.00,1,65.26
540.00,291,2.71,191.00,617.75,131.00,2,156.98
540.00,344,-0.36,131.00,615.10,71.00,1,98.34
541.00,392,-0.48,75.00,615.10,25.00,1,42.25
542.00,297,4.57,184.00,617.75,123.00,2,150.19
542.00,350,0.50,125.00,596.93,71.00,1,93.84
543.00,423,-0.37,40.00,615.10,0.00,0,7.70
544.00,300,7.00,180.00,617.75,118.00,2,148.94
545.00,353,0.93,124.00,596.93,68.00,1,93.10
545.00,424,1.44,39.00,615.10,0.00,0,6.96
547.00,307,0.67,181.00,617.75,118.00,2,147.33
547.00,354,2.74,123.00,596.93,67.00,1,90.58
548.00,313,-0.47,176.00,607.65,116.00,1,145.95
549.00,355,4.55,122.00,596.93,66.00,1,91.15
552.00,369,-0.11,113.00,596.93,56.00,1,81.63
554.00,322,-0.18,171.00,617.75,110.00,1,132.74
556.00,348,0.88,141.00,617.75,80.00,1,111.39
557.00,352,1.12,137.00,617.75,76.00,1,102.99
558.00,375,-0.25,112.00,586.83,50.00,1,73.37
558.00,403,-0.57,79.00,596.93,20.00,1,49.57
559.00,364,-0.16,126.00,617.75,64.00,1,92.43
561.00,406,-0.14,78.00,596.93,18.00,1,44.57
562.00,367,-0.73,126.00,617.75,63.00,1,92.40
563.00,409,-0.71,77.00,596.93,15.00,1,44.08
564.00,417,-0.23,68.00,596.93,7.00,1,39.63
565.00,378,-0.82,116.00,607.65,54.00,1,80.58
566.00,385,-0.15,108.00,617.75,45.00,1,76.99
566.00,426,2.06,57.00,596.93,0.00,0,27.12
569.00,428,1.68,58.00,617.75,0.00,0,23.76
575.00,434,-0.46,59.00,617.75,0.00,0,15.97
583.00,455,0.55,41.00,615.10,0.00,0,4.92
585.00,454,-0.26,45.00,617.75,0.00,0,6.08
590.00,460,1.60,41.00,596.93,0.00,0,13.05
592.00,459,-0.21,46.00,615.10,0.00,0,4.83
592.00,463,1.03,40.00,596.93,0.00,0,12.68
602.00,469,-0.11,44.00,596.93,0.00,0,7.82
604.00,475,-0.25,39.00,615.10,0.00,0,5.34
608.00,481,-0.39,36.00,615.10,0.00,0,5.43
610.00,486,-0.34,32.00,615.10,0.00,0,6.24
613.00,478,-0.82,45.00,617.75,0.00,0,7.31
632.00,318,-0.42,254.00,586.83,213.00,1,227.20
633.00,320,0.20,252.00,615.10,209.00,1,224.49
635.00,311,-0.09,265.00,617.75,220.00,1,234.18
636.00,312,1.72,263.00,617.75,218.00,1,233.44
637.00,325,0.25,250.00,615.10,203.00,1,217.86
637.00,332,0.92,241.00,596.93,194.00,1,209.03
639.00,330,0.30,246.00,615.10,198.00,1,212.66
639.00,334,0.54,241.00,615.10,187.00,1,214.11
641.00,343,-0.17,233.00,615.10,181.00,2,199.19
642.00,321,2.01,258.00,617.75,207.00,1,220.11
643.00,396,-0.24,172.00,615.10,123.00,1,138.87
644.00,328,-0.32,254.00,617.75,204.00,1,220.45
644.00,347,-0.93,232.00,615.10,180.00,1,192.97
644.00,397,1.57,170.00,615.10,118.00,1,141.29
646.00,349,-0.31,231.00,596.93,178.00,1,194.79
646.00,402,3.62,164.00,615.10,115.00,1,132.03
647.00,362,3.22,213.00,596.93,164.00,1,186.54
647.00,412,-0.28,157.00,615.10,109.00,1,124.08
648.00,351,0.31,230.00,617.75,175.00,1,189.56
649.00,356,-0.64,226.00,617.75,173.00,1,191.23
649.00,368,-0.92,212.00,596.93,161.00,1,182.88
649.00,415,1.15,154.00,615.10,106.00,1,123.78
650.00,360,-0.40,222.00,607.65,171.00,1,194.12
651.00,386,-0.34,192.00,596.93,141.00,1,160.34
651.00,420,-0.80,152.00,615.10,102.00,1,118.36
653.00,361,1.41,222.00,617.75,169.00,1,186.52
653.00,393,-0.67,186.00,596.93,136.00,1,156.94
653.00,430,0.30,141.00,615.10,92.00,1,116.56
654.00,377,-0.63,206.00,617.75,154.00,1,175.23
654.00,398,3.38,177.00,596.93,126.00,1,152.10
654.00,442,-0.98,129.00,615.10,81.00,1,100.31
656.00,388,0.28,194.00,617.75,142.00,1,165.83
656.00,456,-0.64,114.00,615.10,64.00,1,84.16
658.00,421,1.01,156.00,596.93,102.00,1,125.51
658.00,474,-0.06,94.00,615.10,44.00,1,62.69
659.00,400,4.00,179.00,617.75,125.00,1,145.14
659.00,480,-0.20,88.00,615.10,39.00,1,56.90
660.00,500,0.00,65.00,615.10,17.00,1,35.03
662.00,408,-0.52,177.00,617.75,120.00,1,144.02
662.00,422,2.82,157.00,596.93,100.00,1,123.95
662.00,505,0.05,61.00,615.10,12.00,1,29.47
663.00,410,0.10,175.00,617.75,119.00,1,144.99
663.00,449,-0.31,129.00,596.93,73.00,1,100.41
664.00,509,-0.71,59.00,615.10,10.00,1,30.02
666.00,467,-0.73,111.00,596.93,53.00,1,79.48
667.00,414,0.34,174.00,617.75,116.00,1,140.57
667.00,515,-0.85,55.00,605.00,4.00,1,20.41
668.00,468,1.08,110.00,596.93,52.00,2,79.42
671.00,425,2.25,163.00,617.75,101.00,1,124.84
671.00,484,-0.96,96.00,596.93,36.00,1,63.85
672.00,429,-0.51,162.00,617.75,100.00,1,135.09
673.00,492,0.52,87.00,596.93,28.00,1,58.57
673.00,533,-0.27,39.00,615.10,0.00,0,6.89
675.00,439,-0.41,153.00,617.75,91.00,1,116.96
675.00,496,-0.24,85.00,596.93,24.00,1,56.14
676.00,443,0.83,148.00,617.75,88.00,1,121.28
679.00,445,0.45,149.00,617.75,86.00,1,114.86
679.00,503,-0.57,81.00,596.93,20.00,1,47.37
681.00,446,1.26,149.00,617.75,85.00,1,115.73
681.00,510,1.10,73.00,596.93,12.00,1,40.51
682.00,472,-0.68,121.00,617.75,59.00,1,89.15
682.00,535,3.35,42.00,615.10,0.00,0,4.92
683.00,534,1.54,46.00,596.93,0.00,0,15.23
684.00,491,-0.29,100.00,617.75,38.00,1,68.00
686.00,537,3.97,43.00,615.10,0.00,0,5.68
687.00,518,-0.42,71.00,617.75,8.00,1,38.65
688.00,547,-0.93,38.00,615.10,0.00,0,5.94
692.00,522,-0.18,71.00,617.75,3.00,1,32.81
694.00,530,-0.70,64.00,617.75,0.00,0,36.31
695.00,531,0.11,63.00,617.75,0.00,0,30.74
697.00,552,-0.88,41.00,617.75,0.00,0,8.70
700.00,370,-0.30,260.00,596.93,221.00,1,231.77
702.00,376,-0.44,255.00,615.10,211.00,1,225.56
704.00,399,-0.81,230.00,615.10,184.00,1,200.26
705.00,371,1.51,262.00,617.75,215.00,1,226.42
706.00,384,-0.96,250.00,617.75,204.00,1,220.15
707.00,411,-0.09,218.00,615.10,168.00,1,185.20
708.00,379,-0.01,257.00,596.93,207.00,1,218.72
708.00,390,-0.10,244.00,617.75,197.00,1,212.98
709.00,387,-0.53,249.00,596.93,199.00,1,213.99
710.00,436,1.16,190.00,615.10,141.00,1,153.71
711.00,395,-0.05,241.00,596.93,192.00,1,212.31
712.00,401,-0.19,235.00,617.75,184.00,1,202.67
712.00,416,-0.04,217.00,596.93,169.00,1,188.94
712.00,433,1.73,195.00,615.10,141.00,2,163.92
713.00,447,-0.93,182.00,615.10,129.00,1,155.25
715.00,419,-0.61,217.00,596.93,166.00,1,185.44
715.00,450,1.50,178.00,615.10,128.00,2,147.38
716.00,407,-0.33,232.00,617.75,178.00,1,193.66
717.00,437,2.97,194.00,596.93,144.00,1,163.42
717.00,451,3.31,177.00,615.10,123.00,1,141.38
719.00,466,-0.54,165.00,615.10,111.00,1,132.31
721.00,413,0.53,229.00,617.75,170.00,1,187.73
721.00,479,-0.01,151.00,615.10,97.00,2,116.56
722.00,432,-0.08,208.00,617.75,152.00,1,176.07
722.00,448,0.88,188.00,596.93,132.00,1,150.93
722.00,504,5.24,117.00,615.10,65.00,1,88.19
724.00,444,-0.36,196.00,617.75,138.00,1,160.84
724.00,461,-0.59,176.00,596.93,121.00,1,141.34
724.00,462,1.22,173.00,615.10,118.00,1,141.41
724.00,540,0.40,81.00,615.10,30.00,1,53.12
725.00,548,-0.12,73.00,615.10,23.00,1,45.66
726.00,476,-0.44,160.00,615.10,105.00,1,127.54
726.00,488,-0.72,146.00,596.93,91.00,1,116.49
727.00,493,1.33,139.00,596.93,84.00,1,110.55
727.00,560,1.60,59.00,615.10,7.00,1,30.88
728.00,489,1.09,145.00,615.10,90.00,1,111.18
729.00,499,5.19,130.00,596.93,76.00,1,103.41
729.00,571,-0.49,50.00,615.10,0.00,0,19.16
730.00,490,2.90,144.00,617.75,90.00,1,113.69
732.00,494,3.14,141.00,617.75,85.00,1,112.53
733.00,501,5.81,131.00,596.93,73.00,1,96.66
734.00,582,-0.58,42.00,615.10,0.00,0,7.27
735.00,508,5.48,125.00,596.93,67.00,1,93.99
739.00,495,4.95,145.00,617.75,83.00,1,106.63
739.00,517,1.77,122.00,596.93,60.00,1,87.44
741.00,498,3.38,145.00,617.75,83.00,1,116.56
741.00,525,-0.75,117.00,596.93,56.00,1,85.72
742.00,506,5.86,134.00,617.75,73.00,1,101.61
744.00,513,2.53,131.00,617.75,70.00,1,100.06
744.00,538,-0.22,104.00,596.93,42.00,1,69.28
745.00,550,2.50,88.00,596.93,27.00,1,55.64
747.00,516,0.96,132.00,617.75,69.00,1,95.79
747.00,555,-0.45,87.00,596.93,24.00,1,58.73
749.00,529,-0.51,120.00,617.75,57.00,1,85.87
749.00,598,-0.62,38.00,615.10,0.00,0,8.61
751.00,543,-0.17,105.00,617.75,41.00,1,68.19
751.00,557,2.17,86.00,596.93,23.00,1,53.15
753.00,546,-0.74,104.00,607.65,41.00,1,70.66
753.00,563,1.03,82.00,596.93,18.00,1,49.28
755.00,549,1.69,100.00,617.75,36.00,1,65.24
755.00,603,-0.57,38.00,615.10,0.00,0,5.62
757.00,556,1.36,94.00,617.75,29.00,1,60.36
761.00,285,-0.15,422.00,596.93,361.00,2,391.04
764.00,302,-0.38,405.00,596.93,343.00,2,372.75
765.00,271,1.51,441.00,617.75,376.00,2,402.80
765.00,431,-0.89,253.00,615.10,203.00,1,214.51
766.00,438,-0.22,245.00,615.10,196.00,1,216.94
767.00,273,1.13,441.00,617.75,374.00,2,406.58
767.00,457,-0.83,224.00,615.10,172.00,1,195.05
768.00,326,0.06,380.00,596.93,315.00,2,344.94
768.00,464,-0.16,216.00,615.10,164.00,1,189.83
769.00,295,-0.05,418.00,617.75,353.00,2,383.25
770.00,315,-0.85,396.00,617.75,329.00,2,367.32
770.00,381,1.61,315.00,596.93,250.00,2,281.58
770.00,470,-0.30,211.00,615.10,159.00,1,180.27
772.00,316,0.96,395.00,617.75,326.00,2,365.48
772.00,497,-0.43,181.00,615.10,128.00,1,146.63
774.00,520,-0.80,156.00,615.10,106.00,1,124.55
775.00,382,3.42,317.00,596.93,246.00,2,278.85
775.00,524,-0.56,152.00,615.10,102.00,1,119.27
776.00,383,5.23,315.00,596.93,245.00,2,287.19
777.00,335,-0.65,379.00,617.75,305.00,2,341.18
777.00,526,0.06,151.00,615.10,101.00,1,118.62
778.00,336,0.16,378.00,617.75,303.00,2,349.53
778.00,539,-0.41,137.00,615.10,88.00,1,108.18
779.00,389,1.09,315.00,596.93,243.00,2,279.80
780.00,337,0.97,378.00,617.75,303.00,2,345.07
783.00,519,-0.61,166.00,596.93,124.00,1,135.96
785.00,521,0.01,165.00,615.10,120.00,1,135.68
786.00,511,-0.09,178.00,617.75,132.00,1,144.96
786.00,586,1.66,87.00,615.10,39.00,1,57.13
787.00,527,-0.13,160.00,596.93,113.00,1,128.18
788.00,512,1.72,177.00,617.75,130.00,1,146.12
788.00,594,-0.86,82.00,615.10,33.00,1,51.29
789.00,532,-0.08,156.00,596.93,109.00,1,123.56
790.00,542,-0.98,146.00,617.75,99.00,1,113.76
792.00,536,-0.84,155.00,596.93,107.00,1,121.13
794.00,562,-0.78,126.00,617.75,76.00,1,92.18
796.00,565,1.65,122.00,617.75,71.00,1,88.14
797.00,564,-0.16,126.00,596.93,72.00,1,87.94
799.00,575,-0.25,115.00,596.93,63.00,1,81.67
800.00,585,-0.15,104.00,596.93,52.00,1,72.56
800.00,604,-0.76,82.00,617.75,29.00,1,44.64
800.00,638,-0.22,41.00,615.10,0.00,0,10.05
801.00,625,1.25,56.00,617.75,3.00,1,25.39
803.00,642,-0.98,40.00,617.75,0.00,0,9.59
805.00,599,-0.81,93.00,596.93,35.00,1,55.94
806.00,617,-0.23,72.00,596.93,18.00,1,43.09
810.00,619,0.39,73.00,596.93,16.00,1,37.90
812.00,624,-0.56,70.00,596.93,14.00,1,39.92
817.00,645,-0.55,50.00,596.93,0.00,0,11.74
817.00,652,-0.88,42.00,617.75,0.00,0,7.67
819.00,656,3.36,35.00,615.10,0.00,0,5.88
823.00,653,0.93,45.00,617.75,0.00,0,7.40
825.00,654,2.74,44.00,617.75,0.00,0,10.31
826.00,570,-0.30,148.00,615.10,108.00,1,122.37
830.00,558,-0.02,166.00,615.10,119.00,1,133.07
832.00,553,-0.07,174.00,617.75,124.00,1,135.13
832.00,574,0.94,148.00,615.10,97.00,1,111.98
832.00,579,0.99,142.00,596.93,96.00,1,108.08
833.00,588,5.28,128.00,615.10,78.00,1,94.48
835.00,554,1.74,174.00,617.75,123.00,1,137.00
835.00,580,2.80,142.00,596.93,92.00,1,107.76
835.00,606,1.86,112.00,615.10,62.00,1,78.07
836.00,633,0.73,82.00,615.10,35.00,1,50.70
837.00,559,1.79,170.00,617.75,118.00,1,134.25
837.00,581,4.61,141.00,596.93,92.00,1,108.27
838.00,664,-0.16,48.00,615.10,0.00,0,17.24
839.00,667,-0.73,46.00,605.00,0.00,0,16.51
840.00,568,-0.92,165.00,617.75,112.00,1,126.33
840.00,589,7.09,132.00,596.93,81.00,1,98.30
841.00,669,-0.11,45.00,615.10,0.00,0,13.11
842.00,572,0.32,161.00,617.75,110.00,1,129.29
843.00,596,4.76,129.00,596.93,77.00,1,95.47
844.00,577,0.37,157.00,617.75,104.00,1,122.15
844.00,600,3.00,127.00,596.93,75.00,1,95.31
844.00,673,3.13,40.00,615.10,0.00,0,8.57
845.00,584,4.04,146.00,617.75,94.00,1,116.45
846.00,675,3.75,39.00,615.10,0.00,0,11.26
847.00,616,-0.04,114.00,596.93,60.00,1,81.95
848.00,587,3.47,146.00,617.75,92.00,1,112.81
849.00,626,-0.94,105.00,596.93,53.00,1,74.60
849.00,677,3.37,40.00,615.10,0.00,0,8.56
850.00,591,7.71,139.00,617.75,83.00,1,107.77
853.00,601,4.81,133.00,617.75,77.00,1,99.24
854.00,629,-0.51,106.00,596.93,49.00,1,69.89
855.00,635,1.35,98.00,596.93,42.00,1,70.18
856.00,607,3.67,130.00,617.75,72.00,1,94.07
857.00,643,-0.17,92.00,596.93,35.00,1,58.60
859.00,608,5.48,130.00,617.75,71.00,1,94.25
860.00,631,0.11,109.00,617.75,50.00,1,77.84
862.00,644,1.64,94.00,596.93,34.00,1,58.16
862.00,692,0.52,38.00,615.10,0.00,0,8.82
863.00,637,0.97,104.00,617.75,43.00,1,70.72
863.00,650,-0.50,90.00,596.93,29.00,1,59.68
865.00,639,1.59,103.00,617.75,42.00,1,69.00
865.00,651,1.31,89.00,596.93,27.00,1,57.11
865.00,696,-0.24,37.00,615.10,0.00,0,8.25
867.00,657,-0.83,86.00,617.75,26.00,1,53.34
867.00,671,0.51,68.00,596.93,7.00,1,39.78
872.00,672,2.32,70.00,617.75,4.00,1,32.29
873.00,679,3.99,61.00,617.75,0.00,0,27.61
873.00,688,2.28,52.00,615.10,0.00,0,11.78
875.00,681,4.61,60.00,617.75,0.00,0,30.42
878.00,702,-0.38,43.00,596.93,0.00,0,8.11
879.00,686,0.66,62.00,617.75,0.00,0,24.53
880.00,697,1.57,49.00,617.75,0.00,0,15.25
882.00,703,1.43,44.00,617.75,0.00,0,10.22
883.00,707,-0.33,42.00,596.93,0.00,0,9.89
887.00,710,2.10,40.00,617.75,0.00,0,7.58
888.00,712,2.72,38.00,615.10,0.00,0,6.50
889.00,709,0.29,45.00,615.10,0.00,0,4.82
893.00,718,-0.42,39.00,617.75,0.00,0,9.28
898.00,720,0.20,41.00,596.93,0.00,0,9.35
907.00,728,-0.32,41.00,617.75,0.00,0,8.30
913.00,732,-0.08,42.00,617.75,0.00,0,9.18
921.00,741,-0.79,40.00,596.93,0.00,0,10.58
926.00,745,-0.55,40.00,617.75,0.00,0,7.72
932.00,746,1.26,43.00,617.75,0.00,0,8.23
933.00,751,-0.69,40.00,596.93,0.00,0,9.43
940.00,752,1.12,44.00,596.93,0.00,0,8.21
942.00,754,1.74,43.00,596.93,0.00,0,9.57
947.00,623,-0.37,206.00,615.10,163.00,1,177.32
948.00,612,-0.28,220.00,615.10,175.00,1,188.58
950.00,566,0.46,276.00,607.65,205.00,2,240.44
950.00,615,-0.85,219.00,596.93,173.00,1,186.84
952.00,567,1.27,276.00,617.75,201.00,2,244.51
952.00,658,-0.02,169.00,615.10,121.00,1,132.73
954.00,628,-0.32,207.00,596.93,158.00,1,172.31
954.00,660,0.60,168.00,615.10,115.00,1,135.23
955.00,573,0.13,273.00,617.75,198.00,2,236.91
956.00,576,-0.44,271.00,617.75,196.00,2,238.74
956.00,630,0.30,206.00,596.93,157.00,1,174.65
956.00,662,1.22,167.00,615.10,114.00,1,130.17
957.00,676,-0.44,153.00,615.10,101.00,1,124.52
959.00,640,-0.60,198.00,596.93,148.00,1,163.86
959.00,714,-0.66,110.00,615.10,57.00,1,77.02
960.00,605,0.05,240.00,617.75,182.00,1,203.91
960.00,736,-0.84,85.00,615.10,33.00,1,50.99
962.00,610,-0.90,237.00,617.75,181.00,1,205.27
962.00,647,-0.93,193.00,596.93,140.00,1,159.27
962.00,761,-0.59,57.00,615.10,3.00,1,28.06
963.00,762,1.22,55.00,615.10,1.00,1,22.96
965.00,618,-0.42,230.00,617.75,176.00,1,196.56
966.00,632,0.92,213.00,617.75,161.00,1,186.16
967.00,649,-0.31,195.00,596.93,138.00,1,155.90
968.00,678,0.18,161.00,596.93,104.00,1,128.84
969.00,655,-0.45,190.00,617.75,136.00,1,156.36
970.00,684,-0.96,157.00,596.93,100.00,1,121.89
971.00,665,0.65,179.00,617.75,124.00,1,145.97
971.00,784,-0.96,39.00,615.10,0.00,0,8.12
972.00,685,0.85,156.00,596.93,101.00,1,126.66
973.00,680,0.80,163.00,617.75,107.00,1,130.63
973.00,724,0.44,111.00,596.93,56.00,1,81.87
977.00,690,-0.10,156.00,617.75,98.00,1,119.31
978.00,733,-0.27,106.00,596.93,47.00,1,71.54
979.00,694,-0.86,154.00,617.75,95.00,1,119.38
980.00,744,-0.36,95.00,596.93,35.00,1,60.77
981.00,723,-0.37,121.00,617.75,63.00,1,89.43
982.00,750,-0.50,90.00,596.93,31.00,1,61.11
983.00,763,3.03,72.00,617.75,13.00,1,39.97
984.00,758,-0.02,82.00,596.93,22.00,1,50.11
985.00,766,5.46,68.00,617.75,9.00,1,35.55
986.00,793,-0.67,43.00,615.10,0.00,0,10.02
988.00,765,3.65,74.00,596.93,11.00,1,39.55
989.00,768,5.08,70.00,617.75,8.00,1,36.91
990.00,769,5.89,69.00,596.93,7.00,1,35.87
993.00,802,-0.38,39.00,615.10,0.00,0,5.11
994.00,770,7.70,70.00,596.93,5.00,1,35.21
995.00,788,-0.72,58.00,596.93,0.00,0,25.35
996.00,807,-0.33,36.00,615.10,0.00,0,8.44
998.00,789,1.09,58.00,596.93,0.00,0,25.79
1001.00,799,-0.81,51.00,596.93,0.00,0,16.22
1002.00,803,1.43,45.00,617.75,0.00,0,7.01
1006.00,812,-0.28,40.00,617.75,0.00,0,9.88
1008.00,817,-0.23,36.00,615.10,0.00,0,5.22
1014.00,818,1.58,39.00,596.93,0.00,0,9.69
1017.00,819,3.39,39.00,617.75,0.00,0,8.39
1028.00,830,-0.70,41.00,617.75,0.00,0,7.67
1032.00,839,-0.41,34.00,615.10,0.00,0,6.03
1050.00,842,-0.98,49.00,617.75,0.00,0,6.95
1050.00,845,-0.55,45.00,617.75,0.00,0,14.20
1050.00,851,-0.69,38.00,615.10,0.00,0,4.88
1058.00,846,1.26,50.00,617.75,0.00,0,6.27
1061.00,405,-0.95,580.00,596.93,518.00,2,547.08
1061.00,544,-0.36,414.00,615.10,358.00,2,382.24
1063.00,363,-0.97,632.00,617.75,553.00,3,595.72
1063.00,427,-0.13,555.00,596.93,499.00,2,524.43
1063.00,583,-0.77,370.00,615.10,312.00,2,339.63
1064.00,365,-0.35,630.00,607.65,551.00,3,601.23
1064.00,590,-0.10,362.00,615.10,303.00,2,331.99
1065.00,435,-0.65,548.00,596.93,490.00,2,517.64
1066.00,595,2.95,355.00,615.10,295.00,2,325.93
1068.00,453,-0.07,529.00,596.93,467.00,2,497.24
1070.00,373,-0.87,627.00,617.75,541.00,3,589.92
1070.00,597,3.57,356.00,615.10,292.00,2,320.98
1072.00,374,-0.06,627.00,617.75,541.00,3,591.34
1072.00,627,-0.13,326.00,615.10,270.00,1,290.03
1073.00,404,-0.76,593.00,617.75,512.00,2,563.12
1073.00,636,0.16,316.00,615.10,267.00,1,284.75
1074.00,465,1.65,519.00,596.93,455.00,2,488.57
1075.00,641,-0.79,313.00,615.10,263.00,1,282.38
1076.00,458,0.98,530.00,596.93,461.00,2,489.42
1076.00,646,-0.74,308.00,615.10,257.00,1,277.62
1077.00,418,-0.42,580.00,617.75,510.00,2,543.98
1078.00,471,1.51,516.00,596.93,449.00,2,481.61
1078.00,648,-0.12,307.00,615.10,256.00,1,273.61
1080.00,473,2.13,515.00,596.93,446.00,2,482.92
1080.00,668,-0.92,286.00,615.10,234.00,1,251.62
1081.00,440,0.40,557.00,617.75,486.00,2,519.80
1081.00,708,-0.52,239.00,615.10,189.00,1,209.32
1082.00,441,2.21,555.00,617.75,484.00,2,519.55
1082.00,477,0.37,514.00,596.93,445.00,2,482.24
1082.00,689,-0.91,263.00,615.10,208.00,1,236.18
1084.00,452,-0.88,547.00,617.75,473.00,2,513.16
1084.00,482,-0.58,511.00,596.93,442.00,2,480.75
1085.00,483,1.23,509.00,607.65,438.00,2,476.44
1086.00,485,0.85,508.00,596.93,437.00,2,478.17
1087.00,727,-0.13,222.00,615.10,170.00,1,183.11
1088.00,487,1.47,507.00,596.93,436.00,2,477.10
1089.00,726,5.06,220.00,605.00,167.00,1,188.26
1090.00,502,-0.38,493.00,617.75,417.00,2,456.88
1090.00,757,-0.83,190.00,605.00,138.00,1,159.58
1090.00,775,1.75,166.00,615.10,116.00,1,138.01
1091.00,514,-0.66,480.00,617.75,406.00,2,449.31
1092.00,774,-0.06,171.00,615.10,117.00,1,133.61
1094.00,523,-0.37,472.00,617.75,395.00,2,438.36
1094.00,790,-0.10,154.00,615.10,102.00,1,120.64
1095.00,795,0.95,148.00,615.10,98.00,1,114.59
1096.00,545,1.45,446.00,596.93,370.00,2,414.55
1097.00,528,0.68,468.00,617.75,389.00,2,435.40
1097.00,826,-0.94,115.00,615.10,63.00,1,85.65
1098.00,832,-0.08,108.00,615.10,58.00,1,76.09
1099.00,541,0.21,455.00,617.75,376.00,2,425.06
1100.00,507,-0.33,497.00,596.93,415.00,2,450.91
1100.00,855,-0.45,83.00,615.10,32.00,1,51.90
1101.00,569,-0.11,424.00,596.93,342.00,2,386.98
1102.00,578,-0.82,415.00,596.93,334.00,2,382.58
1104.00,551,-0.69,449.00,617.75,368.00,2,411.54
1104.00,592,0.52,399.00,596.93,318.00,2,373.45
1104.00,868,-0.92,72.00,615.10,19.00,1,35.56
1106.00,561,-0.59,439.00,617.75,357.00,2,403.77
1106.00,593,2.33,398.00,596.93,315.00,2,366.89
1106.00,885,-0.15,53.00,615.10,1.00,1,24.52
1107.00,611,-0.09,380.00,617.75,299.00,2,350.81
1113.00,663,4.03,320.00,615.10,276.00,1,292.49
1113.00,666,3.46,317.00,615.10,273.00,1,286.99
1115.00,661,3.41,325.00,596.93,279.00,1,294.74
1116.00,683,1.23,302.00,615.10,256.00,1,268.91
1116.00,687,-0.53,299.00,615.10,249.00,2,270.40
1117.00,659,2.79,330.00,615.10,280.00,1,291.26
1118.00,691,-0.29,296.00,615.10,250.00,1,266.31
1118.00,705,4.05,275.00,615.10,227.00,1,242.81
1119.00,682,-0.58,308.00,596.93,260.00,1,275.12
1119.00,715,1.15,267.00,615.10,218.00,1,239.24
1121.00,698,0.38,290.00,596.93,243.00,1,263.05
1121.00,740,4.40,236.00,615.10,185.00,1,203.50
1122.00,693,0.33,297.00,617.75,246.00,1,261.25
1123.00,695,0.95,295.00,617.75,246.00,1,263.97
1127.00,776,-0.44,204.00,615.10,160.00,1,173.19
1129.00,756,5.36,224.00,596.93,177.00,1,189.31
1130.00,767,-0.73,218.00,596.93,173.00,1,189.57
1131.00,755,3.55,229.00,617.75,181.00,1,192.08
1133.00,772,-0.68,215.00,617.75,165.00,1,177.96
1133.00,801,5.81,174.00,615.10,126.00,1,143.01
1135.00,777,1.37,209.00,617.75,161.00,1,176.56
1135.00,782,7.42,197.00,615.10,143.00,1,155.15
1136.00,785,9.85,192.00,615.10,140.00,1,149.69
1136.00,791,5.71,189.00,615.10,139.00,1,157.77
1137.00,779,4.99,205.00,596.93,153.00,1,172.34
1137.00,821,1.01,159.00,615.10,109.00,1,123.67
1138.00,778,3.18,209.00,596.93,153.00,1,166.77
1138.00,820,-0.80,163.00,615.10,109.00,1,129.28
1139.00,781,5.61,204.00,586.83,153.00,1,172.51
1139.00,792,7.52,189.00,617.75,138.00,1,154.89
1140.00,804,5.24,178.00,617.75,127.00,1,145.16
1140.00,834,-0.46,148.00,615.10,96.00,1,116.09
1141.00,822,2.82,160.00,615.10,111.00,1,128.48
1141.00,862,-0.78,116.00,615.10,64.00,1,86.34
1143.00,783,9.23,202.00,596.93,147.00,1,165.95
1143.00,876,1.56,99.00,615.10,50.00,1,70.48
1145.00,843,-0.17,142.00,617.75,90.00,1,111.17
1145.00,905,-0.95,69.00,615.10,16.00,1,35.01
1146.00,796,5.76,193.00,596.93,139.00,1,156.89
1147.00,875,-0.25,106.00,615.10,55.00,1,77.58
1148.00,800,4.00,192.00,596.93,138.00,1,158.66
1148.00,852,-0.88,135.00,617.75,81.00,1,100.33
1149.00,805,7.05,184.00,596.93,130.00,1,154.75
1153.00,881,11.61,93.00,607.65,37.00,1,59.23
1153.00,931,1.11,44.00,615.10,0.00,0,12.12
1154.00,813,0.53,186.00,596.93,126.00,1,149.50
1156.00,814,2.34,185.00,596.93,126.00,1,157.43
1156.00,912,-0.28,71.00,617.75,13.00,1,37.99
1156.00,939,0.59,38.00,615.10,0.00,0,7.94
1157.00,824,3.44,173.00,596.93,116.00,1,143.11
1159.00,914,-0.66,72.00,617.75,14.00,1,36.11
1160.00,831,-0.89,172.00,596.93,112.00,1,139.45
1162.00,836,0.16,167.00,596.93,106.00,1,136.23
1162.00,946,-0.74,37.00,615.10,0.00,0,7.40
1164.00,915,0.15,75.00,617.75,11.00,1,34.91
1164.00,938,-0.22,48.00,617.75,0.00,0,14.71
1165.00,840,-0.60,166.00,596.93,102.00,1,133.43
1168.00,863,1.03,140.00,596.93,78.00,1,107.64
1172.00,877,3.37,125.00,596.93,58.00,1,89.41
1173.00,882,0.42,123.00,596.93,57.00,1,97.95
1174.00,950,-0.50,44.00,617.75,0.00,0,7.61
1175.00,954,0.74,39.00,615.10,0.00,0,6.34
1176.00,883,2.23,123.00,596.93,57.00,1,89.63
1176.00,951,1.31,43.00,617.75,0.00,0,13.34
1177.00,960,-0.40,35.00,615.10,0.00,0,5.85
1179.00,886,1.66,123.00,596.93,54.00,1,88.25
1181.00,891,-0.29,121.00,596.93,51.00,1,90.29
1184.00,896,-0.24,118.00,596.93,49.00,1,84.06
1184.00,963,-0.97,39.00,617.75,0.00,0,11.65
1184.00,964,0.84,36.00,615.10,0.00,0,7.86
1186.00,902,-0.38,113.00,596.93,43.00,1,81.89
1190.00,909,-0.71,109.00,596.93,37.00,1,73.52
1193.00,930,-0.70,87.00,596.93,12.00,1,51.18
1193.00,974,-0.06,34.00,615.10,0.00,0,6.95
1195.00,932,2.92,83.00,596.93,9.00,1,48.15
1196.00,968,2.08,42.00,617.75,0.00,0,7.81
1197.00,965,2.65,46.00,596.93,0.00,0,15.43
1203.00,977,-0.63,41.00,617.75,0.00,0,9.44
1203.00,984,-0.96,33.00,615.10,0.00,0,5.92
1207.00,981,-0.39,40.00,615.10,0.00,0,5.03
1211.00,986,-0.34,38.00,615.10,0.00,0,6.12
1212.00,987,1.47,36.00,615.10,0.00,0,7.39
1217.00,991,-0.29,38.00,615.10,0.00,0,6.54
1227.00,856,-0.64,209.00,596.93,166.00,1,179.16
1227.00,857,1.17,206.00,615.10,163.00,1,178.90
1230.00,894,0.14,166.00,615.10,118.00,1,136.09
1232.00,861,2.41,205.00,596.93,158.00,1,171.45
1233.00,911,-0.09,149.00,615.10,100.00,1,114.87
1234.00,859,1.79,210.00,617.75,157.00,1,167.93
1234.00,864,1.84,204.00,596.93,156.00,1,176.28
1235.00,865,3.65,202.00,596.93,154.00,1,174.15
1235.00,871,2.51,196.00,617.75,144.00,1,163.06
1235.00,913,0.53,148.00,615.10,97.00,2,117.63
1236.00,918,-0.42,144.00,615.10,93.00,2,114.92
1237.00,867,4.27,201.00,617.75,145.00,1,157.12
1241.00,872,4.32,199.00,596.93,147.00,1,161.82
1241.00,888,-0.72,185.00,617.75,129.00,1,142.16
1241.00,892,-0.48,180.00,617.75,128.00,1,147.82
1242.00,948,-0.12,114.00,615.10,59.00,1,73.29
1243.00,874,4.94,198.00,596.93,145.00,1,168.12
1243.00,927,-0.13,140.00,615.10,88.00,1,104.31
1243.00,988,-0.72,68.00,615.10,15.00,1,35.41
1244.00,903,-0.57,170.00,596.93,117.00,1,139.09
1245.00,993,1.33,62.00,615.10,10.00,1,25.98
1246.00,940,-0.60,128.00,617.75,73.00,1,90.96
1246.00,992,-0.48,66.00,615.10,9.00,1,31.00
1247.00,928,1.68,141.00,596.93,86.00,1,107.54
1248.00,1006,-0.14,51.00,615.10,0.00,0,15.38
1250.00,942,3.02,126.00,617.75,69.00,1,85.96
1250.00,1008,0.48,50.00,615.10,0.00,0,20.18
1251.00,933,-0.27,141.00,596.93,85.00,1,105.10
1251.00,956,-0.64,114.00,617.75,58.00,1,80.53
1252.00,1019,0.39,39.00,615.10,0.00,0,9.56
1253.00,1017,-0.23,43.00,615.10,0.00,0,13.82
1254.00,935,0.35,141.00,596.93,84.00,1,104.93
1255.00,941,1.21,134.00,596.93,77.00,1,102.09
1255.00,971,-0.49,100.00,617.75,41.00,1,60.51
1256.00,983,-0.77,87.00,617.75,27.00,1,50.28
1257.00,966,-0.54,108.00,596.93,53.00,1,78.05
1260.00,979,-0.01,95.00,596.93,37.00,1,61.99
1261.00,994,3.14,75.00,596.93,17.00,1,45.29
1267.00,1032,-0.08,39.00,617.75,0.00,0,7.08
1276.00,1037,-0.03,42.00,615.10,0.00,0,5.38
1282.00,1035,-0.65,51.00,596.93,0.00,0,8.13
1289.00,1050,-0.50,40.00,615.10,0.00,0,4.32
1290.00,1047,-0.93,45.00,617.75,0.00,0,6.52
1292.00,602,0.62,575.00,596.93,491.00,3,544.99
1293.00,614,1.34,561.00,617.75,477.00,3,532.11
1296.00,816,-0.04,325.00,596.93,259.00,2,294.00
1297.00,609,-0.71,573.00,596.93,486.00,3,543.24
1297.00,621,1.01,557.00,617.75,468.00,3,523.84
1299.00,622,0.82,558.00,617.75,467.00,3,525.73
1300.00,837,-0.03,304.00,596.93,237.00,3,276.40
1304.00,829,-0.51,318.00,617.75,252.00,3,284.14
1305.00,613,-0.47,576.00,596.93,484.00,4,542.84
1305.00,897,0.57,237.00,615.10,169.00,1,200.24
1306.00,620,-0.80,569.00,596.93,472.00,5,541.77
1306.00,919,-0.61,213.00,615.10,162.00,1,180.23
1308.00,674,-0.06,506.00,617.75,428.00,2,468.43
1309.00,634,-0.46,555.00,596.93,456.00,4,524.43
1309.00,711,-0.09,463.00,617.75,386.00,2,434.06
1309.00,922,0.82,211.00,615.10,157.00,1,174.39
1310.00,923,2.63,209.00,615.10,156.00,1,180.34
1311.00,670,-0.30,514.00,596.93,432.00,2,483.75
1311.00,716,-0.04,459.00,617.75,380.00,2,425.39
1312.00,945,-0.55,188.00,615.10,136.00,1,158.08
1313.00,949,-0.31,184.00,615.10,133.00,1,153.67
1314.00,721,-0.99,457.00,617.75,377.00,2,421.27
1315.00,952,-0.88,183.00,615.10,129.00,1,154.50
1316.00,701,-0.19,482.00,596.93,397.00,2,447.48
1317.00,749,-0.31,426.00,596.93,335.00,2,392.69
1317.00,955,-0.45,181.00,615.10,127.00,1,145.57
1318.00,722,-0.18,459.00,617.75,378.00,2,420.80
1318.00,972,-0.68,162.00,615.10,107.00,1,129.43
1319.00,735,-0.65,445.00,617.75,364.00,2,411.74
1320.00,771,-0.49,403.00,596.93,311.00,2,369.48
1320.00,982,-0.58,152.00,615.10,100.00,1,124.75
1321.00,786,-0.34,386.00,617.75,305.00,2,353.79
1323.00,809,-0.71,361.00,617.75,278.00,2,331.28
1325.00,841,-0.79,325.00,617.75,243.00,2,292.31
1325.00,1007,-0.33,127.00,615.10,72.00,1,85.70
1326.00,725,-0.75,464.00,596.93,373.00,3,426.40
1326.00,1024,-0.56,108.00,615.10,52.00,1,77.57
1328.00,739,-0.41,449.00,596.93,355.00,3,412.53
1328.00,1027,-0.13,106.00,615.10,49.00,1,70.46
1329.00,753,-0.07,433.00,596.93,335.00,4,402.08
1329.00,806,-0.14,370.00,617.75,280.00,2,337.07
1330.00,1028,1.68,105.00,615.10,49.00,1,71.67
1331.00,794,-0.86,387.00,596.93,286.00,4,355.53
1331.00,808,-0.52,370.00,617.75,281.00,2,336.44
1331.00,1046,2.26,84.00,615.10,28.00,1,51.55
1333.00,1049,4.69,80.00,615.10,23.00,1,46.00
1334.00,823,-0.37,355.00,596.93,253.00,5,321.11
1334.00,1056,5.36,72.00,615.10,16.00,1,41.15
1336.00,890,-0.10,277.00,596.93,174.00,2,246.46
1336.00,1077,-0.63,55.00,615.10,0.00,0,21.00
1337.00,811,-0.09,372.00,617.75,276.00,2,332.28
1338.00,815,-0.85,369.00,617.75,274.00,2,340.02
1338.00,895,-0.05,273.00,596.93,174.00,1,241.12
1338.00,1082,-0.58,51.00,615.10,0.00,0,15.77
1339.00,1083,1.23,49.00,615.10,0.00,0,19.74
1340.00,853,-0.07,325.00,617.75,229.00,3,288.72
1341.00,901,-0.19,269.00,596.93,174.00,1,236.01
1342.00,869,-0.11,308.00,617.75,209.00,3,274.67
1342.00,907,-0.33,263.00,596.93,174.00,1,236.32
1343.00,1011,-0.09,140.00,617.75,88.00,1,108.10
1344.00,910,-0.90,262.00,596.93,175.00,1,232.45
1345.00,900,0.00,274.00,617.75,179.00,2,241.86
1348.00,937,-0.03,233.00,596.93,165.00,1,201.14
1350.00,1051,5.31,94.00,596.93,38.00,1,66.17
1351.00,921,0.01,255.00,617.75,179.00,2,218.29
1352.00,936,-0.84,239.00,617.75,170.00,1,209.35
1352.00,969,-0.11,199.00,596.93,130.00,1,169.03
1354.00,953,0.93,219.00,617.75,150.00,1,186.52
1354.00,1095,-0.05,51.00,615.10,0.00,0,19.53
1355.00,957,0.17,216.00,617.75,147.00,1,184.10
1357.00,959,-0.21,216.00,617.75,146.00,1,186.21
1358.00,976,-0.44,197.00,596.93,121.00,1,159.64
1360.00,978,0.18,196.00,596.93,122.00,1,164.21
1360.00,985,-0.15,188.00,617.75,118.00,1,155.76
1361.00,1062,1.22,96.00,596.93,31.00,1,69.70
1361.00,1108,1.48,41.00,615.10,0.00,0,6.45
1364.00,1001,-0.19,173.00,596.93,98.00,1,139.19
1365.00,1038,-0.22,130.00,596.93,52.00,1,100.82
1366.00,1000,0.00,176.00,617.75,101.00,1,143.28
1368.00,1002,0.62,175.00,617.75,100.00,1,143.27
1370.00,998,-0.62,183.00,617.75,104.00,1,137.18
1370.00,1039,1.59,132.00,596.93,51.00,1,97.54
1371.00,1010,-0.90,170.00,617.75,95.00,1,138.33
1372.00,1043,-0.17,131.00,596.93,51.00,1,97.21
1373.00,1045,0.45,129.00,596.93,49.00,1,102.87
1373.00,1063,3.03,105.00,617.75,25.00,2,73.73
1375.00,1066,3.46,103.00,617.75,21.00,1,68.42
1376.00,1122,-0.18,41.00,615.10,0.00,0,15.13
1378.00,1098,-0.62,72.00,617.75,0.00,0,38.43
1379.00,1053,5.93,120.00,596.93,35.00,1,89.75
1382.00,1048,2.88,132.00,596.93,48.00,1,90.02
1382.00,1103,1.43,68.00,607.65,0.00,0,30.02
1383.00,1065,1.65,114.00,596.93,29.00,2,79.53
1384.00,1133,-0.27,36.00,615.10,0.00,0,5.56
1385.00,1074,-0.06,107.00,596.93,20.00,1,74.79
1387.00,1078,1.18,103.00,596.93,15.00,1,73.65
1388.00,1138,-0.22,34.00,615.10,0.00,0,5.78
1389.00,1084,3.04,96.00,596.93,8.00,1,64.67
1394.00,1102,-0.38,83.00,596.93,0.00,0,47.52
1395.00,1107,-0.33,78.00,596.93,0.00,0,47.84
1398.00,1119,-0.61,67.00,596.93,0.00,0,32.72
1401.00,1131,-0.89,56.00,596.93,0.00,0,22.08
1404.00,1148,-0.12,38.00,615.10,0.00,0,5.89
1405.00,1143,-0.17,45.00,596.93,0.00,0,9.56
1412.00,699,2.19,578.00,617.75,527.00,2,548.15
1412.00,700,4.00,575.00,596.93,523.00,2,543.13
1412.00,748,6.88,515.00,615.10,465.00,2,485.91
1415.00,706,5.86,569.00,596.93,515.00,2,536.85
1415.00,747,5.07,521.00,615.10,461.00,2,488.26
1417.00,704,2.24,577.00,617.75,519.00,2,542.81
1417.00,713,0.53,568.00,596.93,512.00,2,538.19
1417.00,825,-0.75,436.00,615.10,378.00,2,406.78
1419.00,717,1.77,564.00,617.75,507.00,2,535.62
1420.00,731,3.11,547.00,596.93,491.00,2,522.36
1421.00,729,-0.51,554.00,617.75,496.00,2,523.50
1422.00,719,2.39,564.00,596.93,503.00,2,528.25
1422.00,828,1.68,435.00,615.10,373.00,2,395.41
1424.00,738,3.78,542.00,596.93,482.00,2,512.03
1424.00,838,-0.22,427.00,615.10,364.00,2,394.48
1425.00,730,1.30,555.00,617.75,494.00,2,521.66
1425.00,873,-0.87,387.00,615.10,326.00,2,356.57
1427.00,742,5.02,539.00,596.93,478.00,2,508.21
1427.00,879,-0.01,381.00,615.10,318.00,2,350.30
1428.00,734,2.54,552.00,617.75,486.00,2,518.82
1428.00,880,1.80,379.00,615.10,314.00,2,346.50
1429.00,737,1.97,550.00,617.75,484.00,2,520.66
1430.00,743,6.83,539.00,596.93,472.00,2,506.71
1430.00,887,-0.53,375.00,615.10,311.00,2,343.05
1431.00,893,-0.67,369.00,615.10,305.00,2,336.35
1433.00,759,-0.21,530.00,586.83,467.00,2,496.64
1433.00,760,1.60,527.00,617.75,460.00,2,495.05
1434.00,764,-0.16,525.00,617.75,457.00,2,493.53
1434.00,898,-0.62,366.00,615.10,299.00,2,326.46
1435.00,773,-0.87,516.00,596.93,451.00,2,488.12
1437.00,904,-0.76,362.00,615.10,293.00,2,320.71
1438.00,810,-0.90,475.00,617.75,403.00,2,438.78
1438.00,906,-0.14,360.00,615.10,293.00,2,329.45
1440.00,908,0.48,359.00,615.10,291.00,2,323.62
1440.00,1009,-0.71,240.00,615.10,197.00,1,212.09
1442.00,1003,-0.57,249.00,615.10,204.00,1,216.79
1443.00,1012,-0.28,239.00,615.10,196.00,1,209.97
1444.00,999,-0.81,256.00,615.10,207.00,1,221.15
1444.00,1033,-0.27,215.00,615.10,168.00,1,186.19
1445.00,1054,-0.26,191.00,615.10,141.00,1,162.87
1446.00,1005,0.05,250.00,596.93,201.00,1,214.72
1447.00,1018,-0.42,236.00,617.75,189.00,1,205.72
1447.00,1042,-0.98,208.00,596.93,163.00,1,181.99
1448.00,1058,-0.02,189.00,615.10,137.00,1,156.89
1449.00,1067,-0.73,180.00,615.10,132.00,2,151.16
1449.00,1070,-0.30,176.00,586.83,128.00,1,145.23
1450.00,1022,-0.18,234.00,617.75,183.00,1,199.87
1451.00,1091,-0.29,153.00,615.10,102.00,1,120.23
1452.00,1081,-0.39,166.00,615.10,114.00,1,134.92
1453.00,1029,-0.51,229.00,617.75,179.00,1,195.68
1453.00,1104,-0.76,140.00,615.10,88.00,2,108.28
1454.00,1111,-0.09,132.00,615.10,80.00,1,99.03
1455.00,1079,-0.01,171.00,617.75,122.00,1,138.60
1457.00,1087,-0.53,164.00,596.93,109.00,1,126.38
1457.00,1096,-0.24,153.00,615.10,100.00,1,117.66
1458.00,1134,-0.46,109.00,615.10,58.00,2,78.65
1459.00,1141,-0.79,102.00,615.10,51.00,2,73.00
1460.00,1151,-0.69,91.00,615.10,41.00,1,61.59
1462.00,1097,1.57,155.00,615.10,95.00,1,112.26
1462.00,1118,-0.42,132.00,596.93,78.00,1,96.34
1463.00,1105,1.05,147.00,617.75,89.00,1,106.19
1463.00,1120,0.20,130.00,596.93,76.00,1,98.84
1463.00,1146,0.26,99.00,615.10,48.00,1,70.62
1463.00,1171,-0.49,70.00,615.10,17.00,1,35.40
1464.00,1129,-0.51,121.00,617.75,64.00,1,82.96
1465.00,1155,3.55,87.00,615.10,35.00,1,56.99
1466.00,1136,0.16,114.00,617.75,55.00,1,75.54
1467.00,1144,-0.36,106.00,596.93,49.00,1,69.08
1469.00,1153,-0.07,97.00,596.93,42.00,1,70.29
1469.00,1161,-0.59,88.00,617.75,34.00,1,59.20
1470.00,1154,1.74,95.00,596.93,39.00,1,65.47
1472.00,1203,1.43,39.00,615.10,0.00,0,7.29
1474.00,1166,-0.54,87.00,617.75,28.00,1,51.14
1474.00,1193,-0.67,55.00,596.93,0.00,0,20.98
1476.00,1177,-0.63,76.00,617.75,18.00,1,39.45
1479.00,1057,0.17,221.00,617.75,179.00,1,192.69
1480.00,1072,-0.68,205.00,596.93,161.00,1,175.17
1481.00,1055,-0.45,226.00,615.10,179.00,1,191.49
1481.00,1060,-0.40,220.00,615.10,174.00,1,186.83
1483.00,1076,1.56,201.00,615.10,149.00,1,173.06
1484.00,1113,-0.47,160.00,615.10,111.00,1,127.90
1485.00,1099,-0.81,178.00,596.93,129.00,1,143.14
1486.00,1075,-0.25,207.00,617.75,155.00,1,169.16
1486.00,1117,3.77,153.00,605.00,105.00,1,120.38
1487.00,1085,-0.15,196.00,617.75,147.00,1,164.35
1487.00,1114,1.34,160.00,596.93,112.00,1,127.41
1488.00,1139,0.59,132.00,615.10,82.00,1,98.68
1490.00,1121,0.01,156.00,615.10,105.00,1,120.23
1491.00,1090,-0.10,194.00,617.75,142.00,1,157.11
1491.00,1147,-0.93,127.00,615.10,73.00,1,92.96
1493.00,1128,-0.32,151.00,596.93,99.00,1,116.81
1493.00,1156,-0.64,118.00,615.10,65.00,1,84.65
1494.00,1094,-0.86,193.00,617.75,138.00,1,154.58
1494.00,1182,0.42,87.00,615.10,39.00,1,54.26
1495.00,1132,-0.08,148.00,586.83,99.00,1,119.09
1496.00,1106,-0.14,180.00,617.75,128.00,1,147.23
1496.00,1185,2.85,83.00,615.10,30.00,1,50.07
1497.00,1109,-0.71,178.00,617.75,126.00,1,148.17
1498.00,1135,-0.65,148.00,596.93,96.00,1,113.72
1498.00,1187,2.47,83.00,615.10,27.00,1,48.21
1499.00,1115,3.15,169.00,617.75,115.00,1,137.85
1499.00,1188,5.28,80.00,615.10,25.00,2,48.52
1501.00,1140,2.40,142.00,596.93,86.00,1,107.36
1501.00,1197,4.57,72.00,615.10,22.00,1,39.54
1503.00,1116,4.96,170.00,617.75,113.00,1,132.99
1503.00,1149,-0.31,136.00,596.93,79.00,1,102.71
1504.00,1137,-0.03,151.00,617.75,94.00,1,120.59
1505.00,1157,1.17,127.00,596.93,72.00,1,95.96
1506.00,1178,2.18,102.00,617.75,45.00,1,69.45
1506.00,1229,-0.51,44.00,615.10,0.00,0,13.34
1509.00,1167,-0.73,121.00,596.93,61.00,1,85.70
1509.00,1189,7.09,87.00,617.75,23.00,1,52.80
1510.00,1168,1.08,119.00,596.93,61.00,1,93.78
1512.00,1173,-0.87,117.00,596.93,58.00,1,88.56
1512.00,1195,4.95,85.00,617.75,22.00,1,48.71
1513.00,1174,0.94,115.00,596.93,57.00,1,87.76
1513.00,1234,-0.46,45.00,615.10,0.00,0,12.29
1513.00,1236,0.16,42.00,615.10,0.00,0,9.39
1514.00,1217,-0.23,66.00,617.75,6.00,1,30.05
1515.00,1175,2.75,114.00,596.93,56.00,1,84.90
1518.00,1238,0.78,44.00,617.75,0.00,0,9.77
1520.00,1240,0.40,44.00,617.75,0.00,0,14.31
1521.00,1184,1.04,111.00,596.93,49.00,1,76.18
1525.00,1190,7.90,101.00,596.93,35.00,1,64.41
1525.00,1250,-0.50,38.00,615.10,0.00,0,5.31
1528.00,1214,-0.66,84.00,596.93,18.00,1,47.34
1530.00,1220,-0.80,79.00,596.93,12.00,1,43.38
1530.00,1255,2.55,34.00,615.10,0.00,0,5.61
1535.00,1251,1.31,45.00,596.93,0.00,0,8.56
1537.00,1253,1.93,44.00,596.93,0.00,0,8.45
1540.00,1258,1.98,41.00,596.93,0.00,0,9.28
1541.00,1259,3.79,39.00,617.75,0.00,0,7.24
1546.00,1165,-0.35,160.00,615.10,117.00,1,132.37
1548.00,1158,-0.02,170.00,615.10,126.00,1,137.17
1550.00,1152,-0.88,180.00,596.93,132.00,1,142.58
1551.00,1172,-0.68,157.00,596.93,111.00,1,126.91
1551.00,1176,-0.44,152.00,615.10,104.00,1,116.86
1551.00,1181,0.61,145.00,615.10,99.00,1,113.96
1553.00,1192,-0.48,135.00,615.10,85.00,1,103.94
1554.00,1169,-0.11,163.00,617.75,112.00,1,123.18
1554.00,1199,-0.81,128.00,615.10,79.00,2,101.80
1555.00,1179,-0.01,152.00,615.10,101.00,1,113.79
1555.00,1183,1.23,146.00,596.93,97.00,1,113.46
1556.00,1201,2.81,124.00,605.00,74.00,1,92.48
1557.00,1204,-0.76,125.00,596.93,75.00,1,92.79
1558.00,1186,0.66,146.00,617.75,94.00,1,108.20
1558.00,1224,-0.56,102.00,615.10,52.00,2,71.45
1559.00,1200,1.00,130.00,617.75,77.00,1,100.96
1559.00,1206,-0.14,124.00,596.93,74.00,1,95.00
1559.00,1209,2.29,118.00,615.10,69.00,1,89.02
1559.00,1252,1.12,68.00,615.10,20.00,1,36.17
1560.00,1254,1.74,66.00,605.00,15.00,1,38.03
1561.00,1235,-0.65,92.00,615.10,44.00,1,62.06
1562.00,1208,0.48,124.00,596.93,74.00,1,93.33
1563.00,1265,-0.35,58.00,615.10,7.00,2,24.11
1564.00,1210,4.10,120.00,596.93,68.00,1,89.97
1565.00,1278,-0.82,45.00,615.10,0.00,0,15.12
1568.00,1272,-0.68,55.00,615.10,3.00,1,23.91
1569.00,1216,-0.04,122.00,596.93,66.00,1,86.26
1569.00,1237,-0.03,97.00,617.75,40.00,1,56.75
1570.00,1286,-0.34,40.00,615.10,0.00,0,11.61
1572.00,1249,1.69,84.00,617.75,23.00,1,42.58
1573.00,1226,0.06,114.00,596.93,56.00,1,75.53
1573.00,1291,-0.29,37.00,615.10,0.00,0,5.78
1574.00,1245,-0.55,93.00,596.93,37.00,1,63.67
1576.00,1248,-0.12,91.00,596.93,34.00,1,60.02
1578.00,1266,1.46,70.00,596.93,13.00,1,45.10
1581.00,1293,0.33,42.00,617.75,0.00,0,7.72
1581.00,1294,2.14,39.00,615.10,0.00,0,5.12
1588.00,1302,1.62,37.00,615.10,0.00,0,5.45
1599.00,1301,-0.19,51.00,596.93,0.00,0,9.14
1599.00,1315,-0.85,35.00,615.10,0.00,0,5.66
1600.00,1304,2.24,46.00,596.93,0.00,0,10.26
1601.00,1305,4.05,44.00,596.93,0.00,0,12.28
1603.00,1309,2.29,43.00,596.93,0.00,0,11.75
1607.00,1317,-0.23,40.00,615.10,0.00,0,5.15
1610.00,1318,1.58,40.00,596.93,0.00,0,8.58
1613.00,1320,2.20,40.00,615.10,0.00,0,4.84
1618.00,1326,-0.94,41.00,617.75,0.00,0,8.12
1626.00,1332,-0.08,41.00,615.10,0.00,0,5.68
1634.00,1338,1.78,40.00,617.75,0.00,0,7.01
1635.00,1337,-0.03,44.00,596.93,0.00,0,8.63
1638.00,780,-0.20,710.00,596.93,643.00,3,680.48
1640.00,833,-0.27,649.00,617.75,577.00,3,616.02
1640.00,920,0.20,545.00,615.10,475.00,3,512.88
1642.00,924,-0.56,543.00,615.10,470.00,2,510.24
1643.00,787,-0.53,707.00,596.93,634.00,3,673.15
1644.00,797,-0.43,696.00,586.83,623.00,3,667.12
1644.00,844,-0.36,640.00,617.75,563.00,3,605.72
1644.00,944,1.64,519.00,615.10,457.00,2,489.67
1645.00,970,-0.30,491.00,615.10,432.00,2,461.32
1646.00,854,2.74,627.00,617.75,548.00,4,593.04
1647.00,798,1.38,696.00,596.93,619.00,3,662.31
1648.00,975,-0.25,488.00,615.10,428.00,2,454.74
1650.00,990,-0.10,472.00,615.10,411.00,2,439.62
1651.00,996,1.76,464.00,615.10,402.00,2,433.72
1652.00,827,-0.13,668.00,596.93,587.00,3,631.39
1652.00,858,-0.02,631.00,617.75,544.00,3,591.60
1653.00,866,-0.54,623.00,617.75,539.00,4,589.53
1653.00,1015,1.15,444.00,615.10,380.00,2,417.56
1654.00,1026,-0.94,434.00,615.10,371.00,2,405.47
1655.00,870,-0.30,620.00,617.75,535.00,4,584.61
1656.00,878,-0.82,612.00,617.75,527.00,3,579.13
1656.00,1034,-0.46,426.00,615.10,362.00,2,392.92
1658.00,835,-0.65,665.00,596.93,577.00,3,622.83
1658.00,847,-0.93,651.00,596.93,565.00,3,615.53
1658.00,889,0.09,600.00,617.75,513.00,3,568.79
1658.00,1040,-0.60,421.00,615.10,355.00,2,387.55
1660.00,848,0.88,650.00,596.93,560.00,3,616.39
1660.00,1041,0.21,421.00,615.10,355.00,2,387.35
1660.00,1052,-0.88,409.00,615.10,343.00,2,378.77
1662.00,916,-0.04,572.00,617.75,481.00,3,535.78
1664.00,849,2.69,651.00,596.93,560.00,3,614.37
1664.00,929,2.49,556.00,617.75,466.00,2,521.80
1665.00,850,4.50,649.00,596.93,559.00,3,620.29
1666.00,961,-0.59,523.00,617.75,446.00,2,491.63
1667.00,1068,-0.92,397.00,615.10,327.00,2,356.83
1668.00,860,-0.40,645.00,596.93,554.00,3,609.97
1669.00,1073,-0.87,393.00,615.10,322.00,2,360.49
1670.00,884,0.04,618.00,596.93,525.00,3,586.40
1671.00,967,-0.73,521.00,617.75,444.00,2,491.50
1672.00,962,0.22,527.00,617.75,447.00,2,487.84
1672.00,1092,-0.48,373.00,615.10,308.00,2,335.99
1673.00,899,1.19,602.00,596.93,507.00,3,567.33
1673.00,1093,0.33,372.00,615.10,308.00,2,340.97
1674.00,973,-0.87,517.00,617.75,436.00,2,487.55
1675.00,989,-0.91,499.00,617.75,419.00,2,472.41
1675.00,1100,0.00,366.00,615.10,301.00,2,333.19
1676.00,917,0.77,584.00,596.93,486.00,3,549.92
1676.00,1101,-0.19,366.00,615.10,301.00,2,334.70
1677.00,925,1.25,575.00,596.93,478.00,3,542.80
1677.00,997,3.57,487.00,617.75,406.00,2,457.80
1679.00,926,3.06,574.00,596.93,477.00,3,543.34
1679.00,1123,-0.37,343.00,615.10,280.00,2,312.06
1680.00,1088,-0.72,386.00,617.75,313.00,2,355.65
1682.00,934,-0.46,571.00,596.93,471.00,3,540.10
1683.00,1150,89.50,225.00,615.10,174.00,1,191.45
1685.00,1013,-0.47,480.00,617.75,396.00,2,441.92
1685.00,1159,81.79,224.00,615.10,173.00,1,189.76
1686.00,943,-0.17,564.00,596.93,467.00,2,529.19
1686.00,1160,83.60,222.00,615.10,170.00,1,190.54
1687.00,1016,2.96,475.00,617.75,390.00,2,440.96
1688.00,947,1.07,560.00,596.93,464.00,3,529.12
1688.00,1170,83.70,212.00,615.10,162.00,1,181.29
1689.00,958,-0.02,549.00,596.93,464.00,2,522.05
1690.00,1020,-0.80,477.00,617.75,391.00,2,441.42
1690.00,1196,61.76,205.00,615.10,154.00,1,171.25
1691.00,1071,-0.49,417.00,617.75,330.00,2,389.24
1693.00,980,-0.20,527.00,596.93,438.00,3,493.00
1693.00,1198,60.38,207.00,615.10,153.00,1,171.24
1694.00,1112,-0.28,371.00,617.75,292.00,2,337.86
1695.00,1021,0.01,480.00,617.75,390.00,4,450.80
1696.00,1205,54.05,208.00,615.10,150.00,1,169.45
1698.00,1207,54.67,207.00,615.10,149.00,1,173.16
1700.00,995,-0.05,516.00,596.93,424.00,2,473.89
1702.00,1202,-0.38,272.00,596.93,222.00,1,239.38
1702.00,1212,-0.28,260.00,617.75,216.00,1,227.80
1702.00,1215,2.15,254.00,615.10,209.00,1,223.01
1704.00,1213,1.53,259.00,617.75,213.00,1,226.96
1704.00,1219,0.39,253.00,596.93,207.00,1,220.67
1704.00,1222,-0.18,250.00,615.10,201.00,1,217.89
1707.00,1230,-0.70,244.00,615.10,195.00,1,209.54
1707.00,1292,-0.48,170.00,615.10,116.00,1,134.18
1708.00,1311,-0.09,148.00,605.00,99.00,1,119.00
1709.00,1232,-0.08,243.00,617.75,195.00,1,210.34
1710.00,1239,-0.41,236.00,596.93,182.00,1,196.88
1710.00,1325,0.25,133.00,615.10,80.00,1,98.89
1712.00,1246,-0.74,230.00,596.93,178.00,1,194.79
1712.00,1335,4.35,119.00,615.10,70.00,1,88.08
1713.00,1247,1.07,228.00,596.93,176.00,1,197.59
1713.00,1345,-0.55,113.00,615.10,66.00,1,85.08
1715.00,1269,-0.11,205.00,617.75,153.00,1,166.86
1715.00,1270,1.70,202.00,596.93,150.00,1,171.19
1715.00,1348,-0.12,111.00,615.10,65.00,1,80.69
1716.00,1271,3.51,200.00,617.75,147.00,1,170.96
1718.00,1276,3.56,196.00,596.93,143.00,1,162.72
1718.00,1353,-0.07,108.00,615.10,59.00,1,71.19
1720.00,1275,1.75,201.00,617.75,145.00,1,160.73
1720.00,1366,-0.54,95.00,615.10,43.00,1,63.59
1721.00,1385,2.85,70.00,615.10,17.00,1,37.84
1722.00,1277,5.37,197.00,617.75,142.00,1,161.88
1723.00,1284,3.04,192.00,596.93,134.00,1,156.11
1724.00,1288,1.28,190.00,596.93,133.00,1,159.51
1724.00,1395,-0.05,64.00,615.10,13.00,1,26.46
1725.00,1397,0.57,62.00,615.10,10.00,1,29.15
1726.00,1281,3.61,198.00,617.75,138.00,1,156.04
1726.00,1296,-0.24,184.00,617.75,129.00,1,151.50
1726.00,1298,-0.62,182.00,596.93,127.00,1,151.40
1728.00,1310,-0.90,170.00,617.75,113.00,1,136.99
1730.00,1331,5.11,141.00,617.75,83.00,1,108.04
1732.00,1300,0.00,185.00,596.93,123.00,1,145.31
1732.00,1323,-0.37,158.00,596.93,99.00,1,124.43
1732.00,1333,4.73,141.00,617.75,84.00,1,107.07
1734.00,1260,5.60,229.00,596.93,190.00,1,201.15
1736.00,1297,-0.43,193.00,615.10,145.00,2,166.87
1737.00,1268,5.08,223.00,617.75,179.00,1,191.54
1738.00,1261,7.41,230.00,615.10,184.00,1,195.25
1739.00,1285,-0.15,210.00,617.75,164.00,1,177.13
1741.00,1341,0.21,145.00,615.10,94.00,1,111.31
1742.00,1372,0.32,109.00,615.10,60.00,1,81.00
1743.00,1267,3.27,232.00,596.93,180.00,1,192.39
1744.00,1273,2.13,227.00,596.93,176.00,1,192.79
1744.00,1393,-0.67,87.00,615.10,38.00,1,58.04
1745.00,1299,0.19,199.00,596.93,151.00,1,167.60
1745.00,1312,-0.28,184.00,617.75,133.00,1,145.76
1746.00,1313,1.53,182.00,607.65,132.00,1,149.38
1747.00,1314,3.34,180.00,586.83,131.00,1,148.58
1748.00,1321,1.01,175.00,617.75,126.00,1,143.88
1748.00,1414,2.34,63.00,615.10,12.00,1,25.77
1749.00,1426,1.06,51.00,615.10,1.00,1,21.68
1750.00,1339,-0.41,157.00,617.75,106.00,1,124.01
1751.00,1319,0.39,181.00,596.93,127.00,1,145.46
1751.00,1342,2.02,152.00,617.75,102.00,1,122.38
1753.00,1433,5.73,42.00,615.10,0.00,0,7.61
1754.00,1322,2.82,178.00,596.93,124.00,1,143.00
1754.00,1343,3.83,152.00,617.75,100.00,1,122.00
1754.00,1440,0.40,40.00,615.10,0.00,0,12.62
1755.00,1351,-0.69,148.00,596.93,95.00,1,116.28
1757.00,1352,1.12,147.00,617.75,94.00,1,114.54
1758.00,1442,1.02,41.00,615.10,0.00,0,7.01
1759.00,1357,-0.83,145.00,596.93,90.00,1,110.62
1759.00,1368,-0.92,132.00,617.75,77.00,1,99.79
1760.00,1370,-0.30,130.00,596.93,76.00,1,102.64
1766.00,1344,0.64,166.00,617.75,120.00,1,134.66
1767.00,1340,2.40,170.00,615.10,124.00,1,137.01
1767.00,1346,1.26,164.00,596.93,119.00,1,133.10
1767.00,1350,5.50,155.00,615.10,107.00,1,120.49
1768.00,1347,3.07,162.00,617.75,117.00,1,133.37
1769.00,1362,1.22,147.00,615.10,97.00,1,115.86
1771.00,1349,3.69,162.00,596.93,114.00,1,128.87
1771.00,1365,4.65,142.00,605.00,92.00,1,107.62
1772.00,1363,3.03,147.00,596.93,102.00,1,116.49
1773.00,1373,0.13,139.00,615.10,86.00,1,103.28
1774.00,1369,-0.11,145.00,596.93,98.00,1,117.94
1775.00,1354,3.74,160.00,617.75,108.00,1,120.39
1775.00,1386,-0.34,126.00,615.10,74.00,2,93.66
1776.00,1361,-0.59,157.00,617.75,105.00,1,122.65
1776.00,1375,1.75,138.00,615.10,87.00,1,103.45
1777.00,1391,2.71,119.00,615.10,67.00,1,88.11
1778.00,1389,2.09,123.00,617.75,72.00,1,93.59
1778.00,1413,-0.47,97.00,615.10,45.00,1,65.80
1779.00,1371,-0.49,148.00,596.93,95.00,1,113.92
1779.00,1400,0.00,113.00,615.10,63.00,1,82.93
1780.00,1445,1.45,59.00,615.10,7.00,1,28.39
1781.00,1378,1.18,140.00,596.93,88.00,1,108.96
1781.00,1456,-0.64,49.00,605.00,0.00,0,17.92
1784.00,1382,-0.58,140.00,596.93,87.00,1,104.95
1784.00,1409,-0.71,108.00,617.75,54.00,1,75.61
1785.00,1387,1.47,133.00,596.93,81.00,1,104.37
1788.00,1431,-0.89,86.00,596.93,32.00,1,53.65
1789.00,1422,-0.18,97.00,617.75,43.00,1,65.35
1789.00,1444,-0.36,71.00,596.93,16.00,1,42.26
1792.00,1468,2.08,43.00,615.10,0.00,0,8.39
1793.00,1415,0.15,109.00,617.75,46.00,1,63.24
1794.00,1446,3.26,70.00,617.75,11.00,1,33.48
1794.00,1459,-0.21,58.00,596.93,0.00,0,23.10
1795.00,1466,1.46,49.00,617.75,0.00,0,19.53
1796.00,1461,0.41,57.00,596.93,0.00,0,26.40
1797.00,1480,-0.20,36.00,615.10,0.00,0,5.78
1798.00,1465,-0.35,55.00,596.93,0.00,0,23.33
1803.00,1470,2.70,51.00,596.93,0.00,0,14.43
1803.00,1481,1.61,39.00,615.10,0.00,0,5.10
1804.00,1477,-0.63,47.00,596.93,0.00,0,17.32
1810.00,1004,-0.76,616.00,596.93,524.00,3,582.63
1813.00,1194,61.14,331.00,596.93,250.00,2,297.48
1814.00,1228,194.68,158.00,615.10,91.00,1,123.88
1815.00,1014,-0.66,609.00,596.93,514.00,3,579.19
1815.00,1023,-0.37,598.00,617.75,500.00,5,561.85
1815.00,1241,185.21,153.00,615.10,90.00,1,123.70
1816.00,1030,-0.70,591.00,596.93,496.00,3,564.25
1817.00,1025,-0.75,598.00,617.75,497.00,5,565.60
1818.00,1243,188.83,150.00,615.10,89.00,1,115.36
1819.00,1086,-0.34,527.00,617.75,425.00,4,477.97
1820.00,1031,1.11,592.00,617.75,490.00,4,558.35
1821.00,1044,-0.36,579.00,617.75,477.00,4,545.77
1822.00,1036,-0.84,590.00,596.93,490.00,3,553.35
1823.00,1110,-0.90,503.00,617.75,402.00,3,472.34
1823.00,1242,187.02,158.00,615.10,88.00,1,117.44
1824.00,1059,-0.21,564.00,596.93,463.00,3,530.01
1824.00,1218,197.58,177.00,615.10,96.00,3,146.72
1826.00,1061,0.41,563.00,617.75,455.00,4,530.55
1826.00,1089,-0.91,531.00,596.93,430.00,3,499.94
1826.00,1280,168.80,134.00,615.10,81.00,1,99.13
1828.00,1279,166.99,139.00,615.10,80.00,1,108.12
1829.00,1064,-0.16,563.00,617.75,452.00,4,531.02
1829.00,1124,100.44,391.00,596.93,296.00,2,357.25
1829.00,1289,169.09,126.00,615.10,74.00,1,89.81
1829.00,1308,161.48,111.00,615.10,61.00,1,82.54
1831.00,1303,160.43,120.00,615.10,68.00,1,82.46
1831.00,1316,154.96,110.00,615.10,60.00,1,82.38
1832.00,1069,-0.11,560.00,617.75,446.00,5,524.72
1834.00,1125,103.25,392.00,596.93,294.00,2,353.81
1835.00,1080,-0.20,550.00,617.75,437.00,4,514.24
1835.00,1127,104.87,389.00,596.93,294.00,2,358.52
1836.00,1126,105.06,391.00,617.75,291.00,2,360.12
1838.00,1142,93.02,386.00,596.93,288.00,3,351.07
1838.00,1334,142.54,108.00,615.10,52.00,1,66.18
1839.00,1130,104.30,390.00,596.93,292.00,3,358.15
1839.00,1227,192.87,186.00,617.75,102.00,1,151.62
1840.00,1359,121.79,101.00,615.10,44.00,1,58.62
1841.00,1145,92.45,386.00,596.93,288.00,3,353.65
1841.00,1180,72.80,364.00,617.75,274.00,3,331.55
1841.00,1360,123.60,99.00,615.10,43.00,1,70.77
1843.00,1233,192.73,183.00,617.75,103.00,1,151.87
1843.00,1358,119.98,107.00,615.10,45.00,2,73.28
1844.00,1191,62.71,364.00,617.75,274.00,3,336.21
1844.00,1377,109.37,96.00,615.10,40.00,1,66.14
1845.00,1163,86.03,375.00,596.93,277.00,4,341.03
1846.00,1162,84.22,379.00,596.93,279.00,5,351.36
1846.00,1379,109.99,95.00,615.10,40.00,1,63.10
1848.00,1392,102.52,89.00,615.10,34.00,1,54.52
1849.00,1398,98.38,87.00,615.10,33.00,1,55.33
1850.00,1223,195.63,199.00,617.75,107.00,3,163.46
1851.00,1164,87.84,378.00,596.93,270.00,3,341.88
1851.00,1231,194.11,192.00,617.75,104.00,2,158.95
1851.00,1399,100.19,86.00,615.10,31.00,1,56.17
1852.00,1403,98.43,84.00,615.10,30.00,1,55.78
1853.00,1211,52.91,359.00,596.93,254.00,3,326.27
1854.00,1404,100.24,83.00,615.10,29.00,1,49.65
1855.00,1221,196.01,206.00,596.93,103.00,1,172.86
1855.00,1225,194.25,203.00,617.75,107.00,4,167.85
1856.00,1443,74.83,64.00,615.10,10.00,1,29.78
1857.00,1453,70.93,57.00,615.10,4.00,1,25.78
1858.00,1257,181.17,181.00,617.75,103.00,2,143.15
1859.00,1244,190.64,188.00,596.93,105.00,1,150.42
1859.00,1454,72.74,56.00,615.10,0.00,0,23.47
1860.00,1263,178.03,179.00,617.75,102.00,2,144.68
1860.00,1457,72.17,54.00,615.10,0.00,0,23.58
1861.00,1256,179.36,187.00,596.93,104.00,2,152.97
1861.00,1282,169.42,166.00,617.75,100.00,1,133.53
1862.00,1262,176.22,184.00,596.93,104.00,1,152.12
1863.00,1290,170.90,157.00,617.75,91.00,1,124.35
1863.00,1501,34.81,42.00,615.10,1.00,1,11.67
1864.00,1390,101.90,108.00,596.93,51.00,1,78.57
1866.00,1306,159.86,152.00,617.75,85.00,1,121.85
1867.00,1505,33.05,43.00,615.10,0.00,0,11.77
1868.00,1264,178.84,185.00,596.93,104.00,1,151.27
1868.00,1381,110.61,114.00,617.75,44.00,1,82.08
1871.00,1419,88.39,94.00,617.75,25.00,1,63.91
1872.00,1274,169.94,186.00,596.93,103.00,1,149.57
1872.00,1423,85.63,93.00,617.75,24.00,1,62.75
1873.00,1512,32.72,41.00,615.10,0.00,0,7.73
1874.00,1283,170.23,177.00,596.93,103.00,1,142.75
1876.00,1287,168.47,176.00,596.93,101.00,1,144.87
1877.00,1435,76.35,93.00,617.75,19.00,1,59.27
1878.00,1295,166.95,170.00,596.93,96.00,1,137.83
1878.00,1450,72.50,80.00,617.75,7.00,1,49.16
1879.00,1516,30.96,44.00,615.10,0.00,0,11.37
1882.00,1307,159.67,167.00,596.93,91.00,1,131.04
1883.00,1460,71.60,74.00,617.75,0.00,0,35.20
1883.00,1519,30.39,45.00,615.10,0.00,0,16.72
1885.00,1356,119.36,152.00,596.93,73.00,1,115.89
1885.00,1495,37.95,68.00,617.75,0.00,0,31.89
1887.00,1324,148.44,163.00,596.93,89.00,1,133.88
1887.00,1497,36.57,69.00,617.75,0.00,0,41.04
1887.00,1529,30.49,37.00,615.10,0.00,0,6.39
1888.00,1329,145.49,161.00,596.93,85.00,1,131.07
1888.00,1509,32.29,60.00,617.75,0.00,0,29.14
1892.00,1364,121.84,147.00,596.93,67.00,2,112.73
1892.00,1523,31.63,48.00,615.10,0.00,0,11.31
1893.00,1525,32.25,46.00,615.10,0.00,0,19.11
1894.00,1417,87.77,120.00,596.93,36.00,2,88.56
1894.00,1536,25.16,41.00,617.75,0.00,0,9.30
1895.00,1434,74.54,114.00,596.93,30.00,2,83.30
1896.00,1537,25.97,41.00,617.75,0.00,0,13.83
1897.00,1554,9.74,38.00,615.10,0.00,0,6.93
1899.00,1436,77.16,113.00,596.93,25.00,3,80.44
1899.00,1544,19.64,42.00,617.75,0.00,0,9.93
1906.00,1327,0.87,326.00,596.93,261.00,2,290.45
1906.00,1336,6.16,310.00,617.75,249.00,2,277.29
1906.00,1441,1.21,190.00,615.10,141.00,1,158.54
1907.00,1439,0.59,194.00,615.10,144.00,1,156.92
1908.00,1328,2.68,325.00,596.93,258.00,2,297.45
1908.00,1355,0.55,295.00,617.75,231.00,2,264.30
1908.00,1449,1.69,182.00,615.10,136.00,1,151.43
1909.00,1330,3.30,323.00,596.93,257.00,2,293.48
1911.00,1367,1.27,283.00,596.93,217.00,2,251.88
1911.00,1383,-0.77,266.00,617.75,200.00,2,231.78
1911.00,1451,2.31,182.00,615.10,134.00,1,148.66
1912.00,1448,-0.12,189.00,615.10,138.00,2,157.46
1913.00,1374,-0.06,278.00,596.93,210.00,2,248.74
1913.00,1388,2.28,259.00,617.75,193.00,2,228.71
1914.00,1467,2.27,166.00,615.10,116.00,1,137.75
1915.00,1472,-0.68,164.00,615.10,112.00,1,133.18
1916.00,1406,-0.14,243.00,617.75,175.00,2,210.48
1917.00,1407,1.67,241.00,617.75,174.00,2,214.48
1918.00,1479,0.99,157.00,615.10,106.00,1,122.22
1919.00,1380,-0.20,277.00,596.93,203.00,2,240.18
1920.00,1384,1.04,272.00,596.93,196.00,2,241.81
1920.00,1488,-0.72,150.00,615.10,96.00,1,119.85
1921.00,1408,2.48,243.00,617.75,171.00,2,209.53
1921.00,1490,-0.10,148.00,615.10,93.00,1,116.47
1923.00,1498,0.38,140.00,615.10,91.00,1,110.58
1925.00,1402,-0.38,257.00,596.93,179.00,2,219.14
1925.00,1462,-0.78,186.00,617.75,133.00,1,155.28
1925.00,1502,1.62,136.00,615.10,83.00,1,101.69
1926.00,1420,-0.80,237.00,596.93,162.00,1,204.04
1927.00,1507,4.67,129.00,615.10,77.00,1,98.79
1928.00,1425,-0.75,233.00,596.93,160.00,1,199.09
1928.00,1438,-0.22,217.00,617.75,158.00,1,175.26
1929.00,1430,-0.70,228.00,586.83,161.00,1,196.99
1929.00,1464,2.84,184.00,617.75,128.00,1,150.29
1931.00,1473,1.13,177.00,617.75,120.00,1,147.79
1932.00,1458,-0.02,197.00,596.93,139.00,1,165.41
1932.00,1514,2.34,128.00,615.10,73.00,1,87.26
1933.00,1517,1.77,126.00,615.10,72.00,1,91.12
1934.00,1463,1.03,192.00,596.93,134.00,1,162.40
1935.00,1493,2.33,156.00,617.75,99.00,1,123.43
1935.00,1538,-0.22,105.00,615.10,49.00,1,72.34
1936.00,1478,-0.82,178.00,596.93,122.00,1,148.08
1936.00,1482,0.42,172.00,617.75,111.00,1,131.63
1936.00,1546,-0.74,97.00,615.10,41.00,2,70.62
1938.00,1496,0.76,157.00,617.75,98.00,1,125.37
1938.00,1552,-0.88,92.00,615.10,38.00,1,62.38
1940.00,1513,0.53,139.00,615.10,80.00,1,105.97
1940.00,1572,-0.68,70.00,615.10,15.00,1,40.13
1941.00,1484,0.04,175.00,596.93,114.00,1,140.61
1941.00,1578,1.18,62.00,615.10,10.00,1,30.68
1943.00,1492,0.52,167.00,596.93,106.00,1,132.81
1943.00,1588,0.28,53.00,615.10,0.00,0,19.46
1944.00,1532,-0.08,121.00,617.75,58.00,1,85.22
1944.00,1557,-0.83,92.00,615.10,35.00,1,60.55
1945.00,1499,2.19,159.00,596.93,98.00,1,127.60
1946.00,1535,-0.65,120.00,617.75,58.00,1,84.16
1947.00,1504,2.24,155.00,596.93,92.00,1,124.44
1948.00,1577,0.37,71.00,617.75,8.00,1,41.80
1949.00,1506,2.86,154.00,596.93,91.00,1,123.25
1949.00,1604,-0.76,41.00,615.10,0.00,0,7.50
1950.00,1587,-0.53,62.00,617.75,2.00,1,31.04
1952.00,1530,-0.70,132.00,596.93,67.00,1,100.87
1954.00,1543,-0.17,118.00,596.93,53.00,1,88.56
1956.00,1566,-0.54,93.00,596.93,27.00,1,63.73
1957.00,1590,0.90,64.00,617.75,0.00,0,24.57
1959.00,1598,-0.62,58.00,617.75,0.00,0,27.75
1960.00,1605,1.05,49.00,617.75,0.00,0,18.69
1960.00,1609,-0.71,46.00,615.10,0.00,0,13.68
1960.00,1610,1.10,43.00,615.10,0.00,0,5.33
1961.00,1575,-0.25,87.00,596.93,19.00,1,52.96
1963.00,1580,1.80,81.00,596.93,12.00,1,50.25
1964.00,1616,-0.04,41.00,596.93,0.00,0,11.62
1968.00,1612,1.72,48.00,617.75,0.00,0,9.38
1969.00,1619,-0.61,43.00,607.65,0.00,0,13.05
1979.00,1631,-0.89,39.00,596.93,0.00,0,8.70
1981.00,1628,-0.32,44.00,617.75,0.00,0,7.71
1984.00,1635,-0.65,39.00,596.93,0.00,0,9.94
1985.00,1637,-0.03,37.00,615.10,0.00,0,5.60
1989.00,1640,-0.60,38.00,596.93,0.00,0,10.78
1998.00,1642,0.02,44.00,617.75,0.00,0,7.51
2010.00,1653,-0.07,43.00,596.93,0.00,0,9.49
2014.00,1452,-0.88,287.00,615.10,242.00,1,257.51
2015.00,1376,-0.44,378.00,617.75,318.00,2,347.05
2016.00,1471,0.51,265.00,615.10,220.00,1,234.25
2017.00,1394,1.14,357.00,596.93,294.00,2,318.85
2018.00,1396,1.76,355.00,617.75,293.00,2,323.53
2020.00,1469,-0.11,272.00,615.10,218.00,1,238.31
2021.00,1410,-0.90,344.00,617.75,281.00,2,312.08
2021.00,1476,3.56,261.00,615.10,211.00,1,229.09
2023.00,1526,0.06,207.00,615.10,157.00,1,176.47
2024.00,1401,-0.19,357.00,596.93,287.00,2,311.69
2024.00,1405,-0.95,353.00,596.93,285.00,2,315.76
2024.00,1416,2.96,336.00,617.75,271.00,2,301.59
2025.00,1411,-0.09,346.00,596.93,280.00,2,316.08
2025.00,1569,-0.11,158.00,615.10,109.00,1,123.41
2026.00,1418,2.58,336.00,617.75,270.00,2,305.82
2027.00,1586,-0.34,140.00,615.10,90.00,1,105.07
2028.00,1412,1.72,346.00,596.93,275.00,2,310.67
2029.00,1421,1.01,337.00,596.93,268.00,2,303.89
2029.00,1601,-0.19,124.00,615.10,74.00,1,89.39
2030.00,1427,2.87,329.00,617.75,258.00,2,291.95
2031.00,1424,0.44,336.00,596.93,266.00,2,307.48
2032.00,1428,4.68,328.00,617.75,257.00,2,295.92
2032.00,1614,1.34,110.00,615.10,57.00,1,72.25
2034.00,1634,-0.46,90.00,615.10,38.00,1,60.45
2035.00,1432,4.92,326.00,617.75,254.00,2,290.00
2035.00,1643,-0.17,80.00,615.10,27.00,1,49.61
2036.00,1429,5.49,330.00,596.93,255.00,2,294.08
2037.00,1455,-0.45,306.00,596.93,244.00,1,278.41
2037.00,1474,-0.06,283.00,617.75,228.00,1,249.78
2038.00,1660,-0.40,63.00,615.10,10.00,1,23.76
2040.00,1475,1.75,283.00,617.75,226.00,1,249.95
2040.00,1494,-0.86,263.00,596.93,207.00,1,228.63
2041.00,1483,-0.77,277.00,617.75,220.00,1,247.49
2041.00,1676,-0.44,47.00,615.10,0.00,0,6.01
2042.00,1500,0.00,257.00,596.93,199.00,1,223.68
2044.00,1510,0.10,247.00,596.93,189.00,1,218.82
2045.00,1508,-0.52,251.00,617.75,193.00,1,219.20
2046.00,1520,-0.80,238.00,586.83,179.00,1,206.18
2048.00,1524,-0.56,235.00,596.93,176.00,1,206.92
2050.00,1528,3.68,228.00,617.75,165.00,1,189.32
2052.00,1533,-0.27,228.00,617.75,164.00,1,192.22
2053.00,1527,1.87,234.00,596.93,171.00,1,198.94
2054.00,1547,-0.93,214.00,617.75,150.00,1,179.46
2055.00,1548,-0.12,213.00,596.93,149.00,1,183.68
2055.00,1549,1.69,210.00,617.75,146.00,1,181.56
2056.00,1550,2.50,209.00,596.93,147.00,1,178.77
2059.00,1573,-0.87,188.00,596.93,125.00,1,155.47
2060.00,1555,-0.45,210.00,617.75,144.00,1,174.72
2062.00,1567,-0.73,198.00,617.75,129.00,1,165.37
2062.00,1597,-0.43,162.00,596.93,96.00,1,128.32
2063.00,1570,1.70,193.00,617.75,127.00,1,163.48
2064.00,1613,-0.47,145.00,596.93,81.00,1,118.07
2065.00,1589,-0.91,175.00,617.75,109.00,1,147.65
2065.00,1618,-0.42,140.00,596.93,75.00,1,110.74
2067.00,1702,-0.38,42.00,615.10,0.00,0,5.79
2068.00,1592,-0.48,174.00,617.75,106.00,1,141.84
2068.00,1620,0.20,140.00,596.93,74.00,1,108.99
2070.00,1623,-0.37,139.00,596.93,71.00,1,110.48
2072.00,1594,-0.86,176.00,617.75,104.00,1,142.23
2074.00,1625,0.25,140.00,617.75,71.00,1,106.22
2076.00,1678,0.18,79.00,617.75,6.00,1,46.75
2077.00,1671,-0.49,89.00,596.93,16.00,1,51.65
2078.00,1704,0.24,50.00,596.93,0.00,0,15.29
2079.00,1684,-0.96,76.00,617.75,3.00,1,41.66
2080.00,1705,2.05,49.00,596.93,0.00,0,16.02
2083.00,1700,0.00,60.00,617.75,0.00,0,24.09
2083.00,1709,0.29,49.00,596.93,0.00,0,16.87
2085.00,1710,2.10,48.00,617.75,0.00,0,19.50
2086.00,1712,1.72,47.00,617.75,0.00,0,14.53
2091.00,1485,-0.15,324.00,615.10,280.00,1,294.06
2091.00,1489,-0.91,320.00,615.10,274.00,1,290.31
2093.00,1491,-0.29,319.00,617.75,273.00,1,285.53
2094.00,1515,-0.85,292.00,615.10,244.00,2,260.28
2094.00,1518,-0.42,288.00,596.93,243.00,1,255.75
2095.00,1503,-0.57,307.00,617.75,261.00,1,272.74
2095.00,1521,-0.99,286.00,615.10,241.00,1,254.63
2096.00,1553,0.93,247.00,615.10,198.00,1,213.58
2097.00,1531,-0.89,276.00,596.93,228.00,1,242.49
2098.00,1561,2.41,238.00,615.10,187.00,1,203.55
2099.00,1534,-0.46,274.00,617.75,227.00,1,242.76
2099.00,1539,-0.41,268.00,596.93,219.00,1,236.03
2100.00,1565,0.65,237.00,615.10,184.00,1,202.43
2104.00,1437,78.97,315.00,596.93,224.00,4,285.67
2106.00,1556,10.36,244.00,617.75,199.00,1,212.95
2108.00,1447,73.07,313.00,596.93,223.00,3,280.66
2108.00,1562,8.22,241.00,615.10,195.00,1,208.77
2108.00,1563,10.03,238.00,615.10,189.00,1,202.03
2109.00,1574,5.94,230.00,615.10,185.00,1,201.96
2110.00,1486,42.66,299.00,596.93,207.00,3,267.67
2111.00,1564,11.84,238.00,615.10,190.00,1,205.38
2111.00,1571,6.51,235.00,617.75,183.00,2,200.87
2112.00,1487,44.47,298.00,596.93,202.00,4,267.68
2113.00,1593,1.33,216.00,615.10,166.00,1,181.59
2114.00,1585,4.85,223.00,617.75,175.00,1,189.53
2114.00,1591,0.71,220.00,615.10,174.00,1,190.57
2117.00,1602,0.62,210.00,617.75,160.00,1,178.14
2118.00,1511,31.91,288.00,596.93,197.00,1,250.58
2118.00,1600,0.00,214.00,615.10,159.00,1,172.09
2118.00,1603,2.43,208.00,617.75,159.00,1,177.43
2119.00,1606,1.86,206.00,615.10,154.00,1,169.88
2120.00,1522,29.82,279.00,596.93,197.00,1,246.99
2121.00,1617,-0.23,197.00,615.10,142.00,1,166.69
2122.00,1630,-0.70,183.00,615.10,129.00,1,153.44
2125.00,1655,0.55,155.00,596.93,111.00,1,123.22
2125.00,1681,-0.39,125.00,617.75,81.00,1,94.78
2128.00,1670,1.70,139.00,615.10,90.00,1,102.08
2128.00,1682,1.42,125.00,615.10,80.00,1,93.95
2129.00,1722,-0.18,80.00,615.10,31.00,1,52.95
2130.00,1656,2.36,157.00,596.93,109.00,1,121.50
2132.00,1657,4.17,156.00,596.93,107.00,1,121.79
2132.00,1683,3.23,126.00,617.75,78.00,1,92.04
2132.00,1730,-0.70,74.00,615.10,24.00,1,36.28
2133.00,1756,0.36,43.00,615.10,0.00,0,11.49
2134.00,1659,4.79,155.00,596.93,104.00,1,120.40
2134.00,1686,2.66,125.00,617.75,77.00,1,97.22
2136.00,1693,-0.67,122.00,617.75,72.00,1,89.84
2137.00,1661,5.41,155.00,596.93,104.00,1,120.57
2138.00,1669,-0.11,152.00,596.93,101.00,1,119.99
2138.00,1694,1.14,121.00,617.75,71.00,1,91.59
2140.00,1695,2.95,120.00,596.93,69.00,1,90.32
2141.00,1759,-0.21,48.00,615.10,1.00,1,17.64
2142.00,1698,2.38,119.00,617.75,67.00,1,87.08
2143.00,1706,-0.14,113.00,596.93,61.00,1,81.62
2144.00,1703,-0.57,118.00,617.75,65.00,1,85.35
2144.00,1754,-0.26,57.00,596.93,4.00,1,27.18
2147.00,1724,0.44,95.00,617.75,41.00,1,64.17
2148.00,1770,-0.30,42.00,605.00,0.00,0,10.09
2149.00,1725,2.25,94.00,617.75,40.00,1,61.22
2154.00,1743,-0.17,80.00,617.75,22.00,1,44.62
2155.00,1773,2.13,43.00,596.93,0.00,0,9.91
2156.00,1752,-0.88,72.00,617.75,15.00,1,40.16
2156.00,1774,3.94,41.00,596.93,0.00,0,10.50
2158.00,1771,1.51,49.00,617.75,0.00,0,15.00
2161.00,1775,5.75,43.00,596.93,0.00,0,9.75
2164.00,1778,8.18,40.00,615.10,0.00,0,5.36
2168.00,1776,7.56,47.00,596.93,0.00,0,8.19
2171.00,1795,-0.05,35.00,615.10,0.00,0,5.67
2180.00,1802,-0.38,36.00,615.10,0.00,0,6.12
2186.00,1804,0.24,39.00,615.10,0.00,0,4.56
2190.00,1810,-0.90,37.00,615.10,0.00,0,4.90
2198.00,1813,-0.47,41.00,615.10,0.00,0,4.96
2199.00,1814,1.34,39.00,596.93,0.00,0,8.93
2203.00,1816,1.96,40.00,596.93,0.00,0,9.87
2208.00,1821,-0.99,42.00,617.75,0.00,0,7.19
2233.00,1713,2.53,192.00,617.75,141.00,1,161.24
2233.00,1732,-0.08,172.00,615.10,127.00,1,140.40
2234.00,1733,1.73,170.00,615.10,123.00,1,136.72
2236.00,1723,-0.37,186.00,617.75,139.00,1,154.93
2236.00,1740,-0.60,166.00,615.10,117.00,2,134.25
2237.00,1751,3.31,150.00,596.93,105.00,1,118.63
2238.00,1747,-0.93,160.00,615.10,109.00,1,126.75
2238.00,1749,-0.31,157.00,615.10,107.00,1,118.37
2240.00,1767,-0.73,138.00,596.93,91.00,1,106.99
2240.00,1772,-0.68,132.00,615.10,81.00,1,101.78
2241.00,1742,0.02,168.00,617.75,117.00,1,131.84
2241.00,1786,-0.34,116.00,615.10,64.00,1,85.95
2243.00,1750,1.50,159.00,617.75,109.00,1,126.47
2243.00,1794,2.14,106.00,615.10,57.00,1,73.75
2244.00,1791,-0.29,113.00,615.10,67.00,1,81.75
2245.00,1761,-0.59,150.00,617.75,98.00,1,117.63
2246.00,1769,-0.11,141.00,596.93,86.00,1,102.13
2246.00,1803,0.43,100.00,615.10,48.00,1,72.44
2247.00,1799,2.19,104.00,596.93,53.00,1,73.76
2248.00,1792,1.52,114.00,615.10,58.00,2,80.58
2248.00,1796,2.76,108.00,615.10,51.00,2,75.85
2249.00,1780,-0.20,131.00,617.75,76.00,1,93.25
2251.00,1808,-0.52,100.00,615.10,45.00,1,64.66
2251.00,1812,-0.28,95.00,596.93,43.00,1,62.77
2251.00,1854,-0.26,45.00,615.10,0.00,0,5.84
2254.00,1838,1.78,65.00,617.75,11.00,1,31.35
2257.00,1843,1.83,62.00,617.75,4.00,1,25.86
2258.00,1827,-0.13,84.00,596.93,24.00,1,43.74
2258.00,1832,-0.08,78.00,596.93,19.00,1,46.34
2259.00,1864,-0.16,41.00,615.10,0.00,0,9.97
2261.00,1833,1.73,78.00,596.93,20.00,1,42.50
2261.00,1846,1.26,63.00,617.75,3.00,1,24.56
2262.00,1834,3.54,76.00,596.93,20.00,1,43.03
2262.00,1871,-0.49,36.00,615.10,0.00,0,5.54
2263.00,1851,-0.69,61.00,617.75,3.00,1,26.69
2264.00,1840,2.40,72.00,596.93,15.00,1,41.13
2266.00,1855,1.55,57.00,596.93,0.00,0,27.30
2271.00,1873,0.13,42.00,617.75,0.00,0,8.15
2272.00,1875,0.75,40.00,617.75,0.00,0,13.81
2278.00,1876,2.56,43.00,596.93,0.00,0,9.00
2281.00,1881,2.61,40.00,615.10,0.00,0,5.51
2283.00,1884,2.04,39.00,596.93,0.00,0,9.42
2284.00,1879,1.99,46.00,617.75,0.00,0,7.22
2285.00,1891,-0.29,35.00,615.10,0.00,0,5.20
2292.00,1894,2.14,36.00,615.10,0.00,0,5.54
2294.00,1892,1.52,41.00,617.75,0.00,0,9.43
2298.00,1896,5.76,36.00,615.10,0.00,0,5.32
2301.00,1895,3.95,42.00,596.93,0.00,0,9.08
2313.00,1904,2.24,45.00,596.93,0.00,0,7.42
2313.00,1906,2.86,42.00,617.75,0.00,0,9.49
2314.00,1898,6.38,49.00,617.75,0.00,0,7.38
2326.00,1919,-0.61,43.00,596.93,0.00,0,9.06
2329.00,1921,0.01,43.00,596.93,0.00,0,9.83
2332.00,1922,1.82,43.00,596.93,0.00,0,9.08
2335.00,1541,3.21,498.00,596.93,449.00,2,469.76
2336.00,1568,0.08,470.00,615.10,413.00,3,440.29
2337.00,1540,1.40,503.00,617.75,454.00,2,472.03
2337.00,1542,5.02,497.00,596.93,446.00,2,467.13
2339.00,1576,-0.44,464.00,615.10,408.00,3,432.00
2340.00,1558,-0.02,486.00,617.75,432.00,2,451.53
2340.00,1599,1.19,436.00,615.10,381.00,3,408.33
2343.00,1560,0.60,486.00,617.75,430.00,2,451.95
2343.00,1615,-0.85,422.00,615.10,364.00,2,388.80
2344.00,1545,4.45,501.00,596.93,440.00,2,465.05
2345.00,1551,0.31,499.00,596.93,438.00,2,469.45
2345.00,1581,-0.39,464.00,615.10,405.00,2,432.05
2350.00,1665,1.65,367.00,615.10,311.00,2,336.59
2351.00,1559,8.79,487.00,596.93,425.00,2,453.00
2352.00,1607,3.67,436.00,617.75,381.00,2,401.11
2353.00,1579,2.99,471.00,596.93,416.00,2,439.65
2353.00,1674,0.94,360.00,615.10,304.00,2,327.79
2354.00,1624,-0.56,422.00,617.75,366.00,2,391.51
2355.00,1677,3.37,356.00,615.10,298.00,2,322.97
2357.00,1645,-0.55,400.00,617.75,341.00,2,369.53
2358.00,1582,2.42,473.00,596.93,412.00,2,436.36
2359.00,1668,1.08,373.00,617.75,313.00,2,340.66
2359.00,1701,-0.19,335.00,615.10,274.00,2,297.42
2359.00,1726,2.06,303.00,615.10,244.00,2,275.60
2360.00,1583,4.23,472.00,596.93,410.00,2,436.19
2361.00,1639,-0.41,411.00,596.93,351.00,2,382.77
2361.00,1720,3.20,311.00,615.10,250.00,2,272.45
2362.00,1673,-0.87,372.00,617.75,309.00,2,337.43
2363.00,1727,3.87,304.00,615.10,242.00,2,273.51
2364.00,1736,2.16,296.00,615.10,235.00,2,264.08
2366.00,1647,0.07,406.00,596.93,342.00,2,369.39
2366.00,1687,-0.53,359.00,617.75,293.00,2,322.09
2367.00,1664,-0.16,387.00,596.93,321.00,2,356.21
2367.00,1745,1.45,289.00,615.10,228.00,2,255.24
2368.00,1744,-0.36,293.00,615.10,227.00,3,260.72
2369.00,1675,2.75,373.00,596.93,309.00,2,338.78
2369.00,1689,-0.91,360.00,617.75,291.00,2,322.08
2369.00,1748,3.88,285.00,605.00,223.00,2,256.25
2371.00,1692,-0.48,358.00,596.93,293.00,2,327.76
2372.00,1696,-0.24,354.00,617.75,285.00,2,316.09
2372.00,1707,-0.33,341.00,596.93,276.00,2,310.60
2372.00,1766,0.46,270.00,615.10,216.00,1,237.99
2373.00,1697,-0.43,354.00,617.75,283.00,2,319.56
2373.00,1779,-0.01,256.00,615.10,203.00,1,225.08
2375.00,1708,1.48,341.00,596.93,272.00,2,311.70
2375.00,1715,-0.85,335.00,617.75,266.00,2,300.49
2375.00,1785,0.85,250.00,615.10,197.00,1,217.49
2376.00,1716,-0.04,334.00,617.75,265.00,2,303.92
2379.00,1718,-0.42,335.00,596.93,264.00,2,302.28
2379.00,1805,-0.95,232.00,615.10,176.00,1,195.16
2380.00,1765,-0.35,280.00,617.75,219.00,1,246.17
2380.00,1822,-0.18,212.00,615.10,158.00,2,181.34
2382.00,1719,1.39,335.00,596.93,260.00,2,301.42
2382.00,1768,1.08,277.00,615.10,217.00,1,243.22
2382.00,1826,3.06,206.00,615.10,155.00,1,170.78
2383.00,1842,5.02,186.00,615.10,135.00,1,156.46
2384.00,1721,5.01,331.00,596.93,257.00,2,300.08
2384.00,1781,0.61,264.00,617.75,204.00,1,232.86
2385.00,1856,-0.64,177.00,615.10,122.00,1,144.41
2386.00,1863,-0.97,170.00,615.10,116.00,1,135.99
2387.00,1731,2.11,325.00,596.93,247.00,2,290.23
2387.00,1789,-0.91,259.00,617.75,199.00,1,224.71
2388.00,1829,2.49,209.00,615.10,151.00,1,183.37
2388.00,1877,-0.63,155.00,615.10,102.00,1,126.44
2390.00,1734,1.54,325.00,596.93,245.00,2,290.34
2390.00,1801,0.81,246.00,617.75,186.00,1,209.67
2390.00,1882,0.42,150.00,615.10,98.00,1,114.28
2391.00,1825,2.25,217.00,617.75,157.00,1,184.42
2392.00,1746,3.26,311.00,596.93,231.00,2,279.90
2394.00,1753,0.93,307.00,596.93,228.00,2,274.48
2394.00,1839,6.59,199.00,617.75,138.00,1,165.86
2398.00,1880,-0.20,161.00,615.10,100.00,1,131.19
2399.00,1760,-0.40,305.00,596.93,222.00,2,267.81
2400.00,1847,1.07,201.00,617.75,134.00,1,162.98
2401.00,1820,-0.80,236.00,596.93,182.00,1,206.29
2401.00,1890,-0.10,152.00,615.10,88.00,1,118.46
2402.00,1762,0.22,305.00,596.93,221.00,3,276.62
2404.00,1830,4.30,222.00,596.93,166.00,2,193.38
2404.00,1899,-0.81,145.00,617.75,81.00,1,114.43
2407.00,1835,5.35,218.00,596.93,162.00,2,188.59
2408.00,1908,88.48,49.00,617.75,0.00,0,15.02
2408.00,1916,87.96,40.00,615.10,0.00,0,8.79
2412.00,1777,-0.63,298.00,596.93,221.00,3,262.97
2413.00,1917,88.77,43.00,615.10,0.00,0,5.41
2414.00,1866,-0.54,194.00,596.93,132.00,1,161.82
2414.00,1923,87.63,38.00,617.75,0.00,0,8.61
2416.00,1784,-0.96,294.00,596.93,217.00,3,260.81
2421.00,1841,-0.79,231.00,617.75,191.00,1,201.47
2421.00,1861,1.41,205.00,596.93,165.00,1,179.77
2422.00,1849,-0.31,222.00,615.10,177.00,1,189.41
2422.00,1850,1.50,219.00,615.10,175.00,1,188.52
2424.00,1860,-0.40,211.00,615.10,162.00,1,180.26
2425.00,1862,3.22,206.00,596.93,160.00,1,175.24
2427.00,1853,0.93,221.00,615.10,171.00,1,184.26
2427.00,1888,0.28,180.00,615.10,130.00,1,145.74
2428.00,1869,-0.11,204.00,615.10,158.00,1,176.83
2429.00,1872,-0.68,202.00,596.93,153.00,1,167.53
2429.00,1886,-0.34,185.00,617.75,138.00,1,152.53
2429.00,1955,-0.45,103.00,615.10,52.00,1,71.73
2431.00,1971,-0.49,86.00,615.10,36.00,1,49.90
2432.00,1889,2.09,182.00,617.75,133.00,1,150.93
2432.00,1911,-0.09,158.00,596.93,109.00,1,123.33
2433.00,2002,-0.38,51.00,615.10,1.00,1,14.01
2434.00,1918,-0.42,152.00,596.93,102.00,1,118.29
2435.00,1897,-0.43,178.00,617.75,127.00,1,143.56
2435.00,1938,-0.22,129.00,596.93,81.00,1,98.50
2438.00,1905,-0.95,172.00,617.75,119.00,1,135.54
2439.00,1951,-0.69,118.00,596.93,64.00,1,85.27
2440.00,1927,-0.13,147.00,617.75,94.00,1,114.15
2441.00,2019,-0.61,39.00,615.10,0.00,0,7.70
2442.00,1940,0.40,133.00,617.75,78.00,1,101.53
2443.00,1958,-0.02,113.00,596.93,57.00,1,76.41
2445.00,1966,-0.54,106.00,596.93,49.00,1,73.13
2447.00,1968,0.08,105.00,617.75,46.00,1,66.88
2448.00,1974,-0.06,99.00,596.93,42.00,1,64.72
2448.00,1984,0.04,87.00,617.75,31.00,2,53.83
2450.00,1979,-0.01,95.00,596.93,38.00,1,63.68
2450.00,1987,0.47,85.00,617.75,27.00,1,50.99
2451.00,1980,1.80,93.00,596.93,36.00,1,66.23
2452.00,2021,0.01,47.00,617.75,0.00,0,16.41
2456.00,1996,-0.24,81.00,596.93,21.00,1,44.84
2456.00,2029,0.49,41.00,617.75,0.00,0,8.84
2460.00,2024,-0.56,52.00,596.93,0.00,0,14.59
2461.00,2027,-0.13,49.00,596.93,0.00,0,25.20
2463.00,2031,1.11,45.00,596.93,0.00,0,11.59
2463.00,2034,0.54,42.00,617.75,0.00,0,7.86
2475.00,1930,-0.70,179.00,596.93,135.00,1,144.93
2475.00,1934,1.54,172.00,617.75,127.00,1,138.98
2476.00,1933,-0.27,176.00,615.10,130.00,1,141.83
2476.00,1948,-0.12,158.00,596.93,114.00,1,129.26
2477.00,1950,0.50,156.00,617.75,110.00,1,126.45
2478.00,1960,-0.40,146.00,596.93,100.00,1,117.79
2479.00,1952,1.12,155.00,615.10,104.00,2,118.57
2480.00,1964,-0.16,143.00,615.10,92.00,2,108.77
2483.00,1954,1.74,156.00,617.75,105.00,1,118.45
2483.00,1976,-0.44,132.00,596.93,83.00,1,102.51
2483.00,1977,1.37,129.00,615.10,79.00,1,94.49
2483.00,1991,-0.29,114.00,615.10,64.00,1,75.97
2484.00,1973,-0.87,137.00,615.10,85.00,1,97.54
2485.00,2000,0.00,105.00,615.10,53.00,1,77.56
2487.00,2011,-0.09,94.00,615.10,43.00,1,56.81
2488.00,1994,-0.86,116.00,607.65,64.00,1,82.77
2488.00,2033,-0.27,69.00,615.10,17.00,2,41.80
2489.00,1986,-0.34,126.00,596.93,73.00,1,88.61
2490.00,2037,0.97,65.00,615.10,12.00,1,31.38
2491.00,1983,-0.77,132.00,617.75,74.00,1,88.29
2491.00,1997,-0.43,115.00,596.93,64.00,1,83.88
2491.00,2056,1.36,43.00,615.10,0.00,0,12.32
2492.00,2001,1.81,109.00,617.75,54.00,1,76.15
2492.00,2036,-0.84,70.00,615.10,17.00,1,39.73
2494.00,2008,-0.52,105.00,596.93,49.00,1,70.09
2495.00,2012,1.72,99.00,596.93,46.00,1,68.72
2496.00,2057,3.17,45.00,615.10,0.00,0,13.10
2497.00,2014,2.34,98.00,596.93,43.00,1,67.53
2498.00,2048,-0.12,61.00,617.75,5.00,1,23.64
2499.00,2054,1.74,53.00,617.75,0.00,0,23.73
2500.00,2049,1.69,60.00,596.93,2.00,1,26.30
2504.00,2050,3.50,61.00,596.93,2.00,1,24.99
2508.00,1584,-0.96,624.00,596.93,564.00,3,593.68
2510.00,1608,-0.52,597.00,615.10,534.00,3,563.73
2511.00,1629,0.49,572.00,615.10,509.00,3,538.25
2512.00,1595,-0.05,614.00,596.93,548.00,3,580.74
2512.00,1641,-0.79,560.00,615.10,490.00,3,531.74
2513.00,1596,1.76,612.00,596.93,547.00,3,584.03
2514.00,1648,0.88,552.00,615.10,483.00,3,520.81
2516.00,1611,-0.09,599.00,617.75,528.00,3,559.53
2516.00,1621,-0.99,588.00,596.93,521.00,3,558.81
2516.00,1667,4.27,528.00,615.10,459.00,3,494.52
2517.00,1627,0.87,580.00,617.75,509.00,3,548.06
2518.00,1672,1.32,527.00,615.10,455.00,3,493.24
2519.00,1666,2.46,534.00,615.10,457.00,4,504.05
2520.00,1622,0.82,589.00,596.93,517.00,3,556.92
2520.00,1632,-0.08,578.00,617.75,505.00,3,541.98
2521.00,1680,1.80,520.00,615.10,448.00,3,487.63
2522.00,1636,0.16,575.00,617.75,500.00,3,542.20
2523.00,1691,0.71,510.00,615.10,438.00,3,476.81
2524.00,1638,-0.22,575.00,617.75,500.00,3,541.72
2524.00,1711,-0.09,488.00,615.10,416.00,4,456.20
2525.00,1626,-0.94,591.00,596.93,515.00,3,553.12
2525.00,1650,4.50,557.00,617.75,483.00,3,527.04
2526.00,1728,-0.32,470.00,615.10,393.00,3,435.54
2527.00,1633,0.73,583.00,596.93,504.00,3,550.64
2527.00,1651,5.31,557.00,617.75,482.00,3,524.50
2528.00,1735,-0.65,464.00,605.00,385.00,3,434.64
2529.00,1738,3.78,457.00,605.00,384.00,3,425.40
2531.00,1644,-0.36,575.00,596.93,494.00,3,535.96
2531.00,1741,0.21,459.00,615.10,382.00,3,425.88
2532.00,1646,0.26,573.00,596.93,495.00,3,540.66
2532.00,1652,7.12,559.00,617.75,477.00,3,521.25
2533.00,1783,1.23,410.00,615.10,348.00,3,378.45
2534.00,1649,2.69,569.00,596.93,489.00,3,537.50
2534.00,1654,6.74,559.00,617.75,474.00,3,529.70
2535.00,1809,-0.71,383.00,615.10,318.00,2,350.78
2536.00,1658,3.98,559.00,596.93,478.00,3,526.61
2536.00,1815,-0.85,377.00,615.10,315.00,2,344.74
2537.00,1663,3.03,555.00,596.93,472.00,3,526.58
2538.00,1690,-0.10,527.00,617.75,442.00,3,493.43
2538.00,1817,-0.23,376.00,615.10,312.00,2,343.17
2539.00,1737,-0.03,472.00,615.10,390.00,3,443.42
2539.00,1844,-0.36,345.00,615.10,282.00,2,313.89
2540.00,1679,-0.01,542.00,596.93,457.00,3,509.68
2541.00,1662,2.22,561.00,617.75,470.00,3,515.77
2541.00,1729,1.49,482.00,617.75,396.00,3,446.70
2541.00,1859,0.79,328.00,615.10,264.00,2,297.67
2542.00,1685,-0.15,537.00,596.93,454.00,3,508.00
2543.00,1688,-0.72,535.00,596.93,449.00,3,506.52
2543.00,1865,-0.35,324.00,615.10,258.00,2,292.81
2545.00,1739,0.59,475.00,617.75,387.00,3,441.78
2546.00,1699,-0.81,525.00,596.93,439.00,3,496.06
2547.00,1757,0.17,456.00,617.75,376.00,2,421.76
2551.00,1763,-0.97,454.00,617.75,375.00,2,417.96
2552.00,1714,-0.66,513.00,596.93,421.00,3,477.41
2553.00,1717,-0.23,510.00,596.93,419.00,3,481.64
2554.00,1764,-0.16,455.00,617.75,376.00,3,416.83
2555.00,1900,84.00,210.00,615.10,154.00,2,180.02
2557.00,1755,-0.45,469.00,596.93,375.00,2,433.61
2557.00,1788,1.28,428.00,617.75,350.00,3,388.44
2557.00,1910,83.10,201.00,615.10,147.00,1,169.96
2558.00,1790,-0.10,428.00,617.75,348.00,3,399.77
2558.00,1893,-0.67,306.00,596.93,244.00,2,275.92
2559.00,1914,84.34,197.00,615.10,144.00,1,165.10
2560.00,1758,0.98,467.00,596.93,374.00,2,438.42
2561.00,1836,-0.84,377.00,617.75,297.00,3,342.11
2561.00,1939,61.59,192.00,615.10,138.00,1,161.70
2563.00,1845,1.45,366.00,617.75,284.00,2,332.63
2566.00,1782,-0.58,446.00,596.93,361.00,2,406.45
2566.00,1848,-0.12,367.00,617.75,284.00,2,329.13
2569.00,1885,-0.15,326.00,596.93,256.00,3,291.97
2569.00,1941,93.21,166.00,615.10,121.00,1,133.94
2570.00,1925,88.25,191.00,617.75,146.00,1,157.24
2571.00,1937,94.97,171.00,615.10,118.00,1,137.57
2572.00,1929,92.49,184.00,617.75,138.00,1,149.15
2573.00,1793,-0.67,440.00,596.93,356.00,5,403.89
2573.00,1949,101.69,152.00,615.10,103.00,1,120.97
2574.00,1797,-0.43,436.00,596.93,350.00,4,404.49
2574.00,1932,94.92,180.00,617.75,133.00,1,150.28
2576.00,1798,1.38,435.00,596.93,345.00,2,404.86
2576.00,1944,98.64,164.00,617.75,117.00,1,135.11
2578.00,1963,100.03,142.00,615.10,90.00,1,103.34
2579.00,1981,90.61,131.00,615.10,80.00,1,100.28
2580.00,1806,0.86,430.00,596.93,339.00,3,395.36
2581.00,2016,70.96,111.00,615.10,61.00,1,77.61
2581.00,2030,61.30,104.00,615.10,55.00,1,72.78
2582.00,1807,2.67,429.00,596.93,338.00,2,397.81
2582.00,1947,101.07,164.00,617.75,110.00,1,133.27
2582.00,2017,72.77,109.00,615.10,53.00,2,79.32
2584.00,1946,99.26,169.00,617.75,111.00,1,124.92
2584.00,2038,57.78,101.00,615.10,44.00,1,70.35
2585.00,1811,0.91,429.00,596.93,337.00,2,394.80
2585.00,1953,99.93,161.00,617.75,107.00,1,132.60
2586.00,2058,45.98,91.00,615.10,40.00,1,57.20
2587.00,1957,101.17,157.00,617.75,104.00,1,124.12
2588.00,1824,0.44,417.00,596.93,320.00,2,383.06
2588.00,2039,59.59,102.00,615.10,46.00,2,68.50
2589.00,1831,7.11,403.00,596.93,306.00,2,374.87
2589.00,2103,12.43,74.00,615.10,25.00,1,40.82
2590.00,1965,100.65,151.00,617.75,97.00,1,117.10
2591.00,2114,7.34,68.00,615.10,16.00,1,33.71
2592.00,1837,5.97,400.00,596.93,300.00,2,367.30
2592.00,1967,101.27,150.00,617.75,95.00,1,118.67
2594.00,1903,-0.57,330.00,596.93,232.00,2,299.96
2594.00,1972,98.32,149.00,617.75,92.00,1,116.47
2595.00,2122,3.82,66.00,615.10,12.00,1,28.52
2597.00,2132,-0.08,60.00,615.10,7.00,1,21.38
2598.00,1874,-0.06,368.00,596.93,270.00,3,333.88
2599.00,2140,-0.60,53.00,615.10,0.00,0,17.98
2600.00,1887,0.47,354.00,596.93,251.00,3,320.29
2601.00,1989,84.09,150.00,617.75,89.00,1,111.06
2602.00,1913,85.53,240.00,596.93,141.00,2,212.37
2604.00,1915,86.15,239.00,596.93,140.00,1,207.49
2604.00,1992,82.52,151.00,617.75,88.00,1,111.80
2605.00,1993,83.33,150.00,617.75,87.00,1,120.34
2607.00,1995,82.95,150.00,617.75,86.00,1,119.95
2608.00,2003,75.43,149.00,617.75,85.00,1,119.81
2610.00,1920,88.20,237.00,596.93,140.00,1,198.16
2611.00,2007,75.67,147.00,617.75,83.00,1,112.92
2612.00,1926,90.06,230.00,596.93,139.00,1,196.01
2614.00,1928,90.68,229.00,596.93,139.00,1,195.16
2614.00,2010,74.10,148.00,617.75,82.00,1,113.81
2615.00,1931,93.11,224.00,596.93,141.00,1,196.65
2617.00,2013,72.53,149.00,617.75,81.00,1,113.11
2619.00,2044,56.64,130.00,596.93,74.00,1,95.80
2620.00,2060,46.60,122.00,617.75,55.00,1,90.44
2623.00,2022,69.82,147.00,617.75,73.00,1,104.36
2623.00,2073,35.13,121.00,596.93,61.00,1,85.39
2624.00,2066,41.46,124.00,617.75,53.00,1,91.11
2627.00,2063,1.03,171.00,615.10,126.00,1,143.43
2628.00,2045,-0.55,195.00,617.75,150.00,1,163.23
2628.00,2051,-0.69,188.00,615.10,144.00,1,157.39
2630.00,2059,-0.21,180.00,617.75,136.00,1,149.00
2630.00,2078,1.18,156.00,615.10,106.00,1,125.15
2631.00,2052,1.12,188.00,596.93,142.00,1,153.76
2632.00,2055,0.55,186.00,596.93,139.00,1,157.13
2632.00,2084,-0.96,153.00,615.10,102.00,1,122.36
2634.00,2061,-0.59,182.00,617.75,131.00,1,146.29
2634.00,2110,-0.90,124.00,615.10,73.00,2,93.34
2636.00,2065,1.65,177.00,596.93,125.00,1,143.01
2636.00,2123,-0.37,110.00,615.10,64.00,1,82.73
2637.00,2069,-0.11,175.00,617.75,125.00,1,140.10
2642.00,2071,1.51,176.00,617.75,131.00,1,144.27
2643.00,2070,-0.30,180.00,596.93,133.00,1,144.65
2643.00,2082,-0.58,166.00,615.10,118.00,1,133.04
2643.00,2092,-0.48,154.00,615.10,107.00,1,123.10
2645.00,2077,-0.63,174.00,617.75,128.00,1,142.49
2645.00,2083,1.23,165.00,596.93,116.00,1,131.66
2645.00,2095,-0.05,152.00,615.10,103.00,1,120.16
2646.00,2097,3.57,147.00,615.10,96.00,2,119.85
2647.00,2096,1.76,151.00,615.10,102.00,2,124.26
2648.00,2117,-0.23,129.00,596.93,82.00,1,99.68
2649.00,2137,-0.03,106.00,615.10,56.00,1,74.26
2650.00,2079,-0.01,176.00,617.75,125.00,1,139.37
2650.00,2160,0.60,79.00,615.10,29.00,1,53.41
2652.00,2089,-0.91,167.00,617.75,116.00,1,133.88
2652.00,2173,-0.87,67.00,615.10,17.00,1,36.72
2653.00,2099,4.19,151.00,617.75,97.00,2,121.83
2653.00,2124,-0.56,126.00,596.93,75.00,1,92.12
2653.00,2188,-0.72,50.00,615.10,3.00,1,21.43
2654.00,2126,0.06,124.00,596.93,74.00,1,94.40
2655.00,2101,4.81,150.00,617.75,94.00,1,119.53
2658.00,2112,-0.28,145.00,617.75,92.00,1,114.66
2658.00,2129,2.49,122.00,596.93,68.00,1,87.87
2659.00,2150,-0.50,101.00,596.93,50.00,1,72.69
2661.00,2118,1.58,139.00,617.75,86.00,1,108.29
2662.00,2168,-0.92,83.00,596.93,31.00,1,51.02
2663.00,2200,0.00,45.00,615.10,1.00,1,15.34
2664.00,2127,1.87,131.00,617.75,74.00,1,96.61
2669.00,2135,-0.65,129.00,617.75,69.00,1,89.04
2670.00,2145,-0.55,118.00,617.75,61.00,1,82.29
2670.00,2212,-0.28,38.00,615.10,0.00,0,9.93
2672.00,2147,0.07,117.00,617.75,58.00,1,85.79
2673.00,2153,-0.07,111.00,617.75,55.00,1,82.95
2674.00,2209,-0.71,46.00,615.10,0.00,0,12.07
2675.00,2159,-0.21,106.00,617.75,48.00,1,74.02
2682.00,2186,-0.34,81.00,617.75,16.00,1,41.39
2682.00,2201,1.81,61.00,617.75,0.00,0,33.34
2684.00,2202,2.62,61.00,617.75,0.00,0,30.25
2684.00,2225,-0.75,37.00,615.10,0.00,0,5.27
2687.00,2226,1.06,37.00,615.10,0.00,0,5.52
2690.00,2216,-0.04,53.00,596.93,0.00,0,9.06
2692.00,2229,0.49,39.00,596.93,0.00,0,9.96
2701.00,2238,-0.22,38.00,596.93,0.00,0,8.58
2705.00,2240,3.40,36.00,615.10,0.00,0,5.85
2708.00,2239,1.59,42.00,617.75,0.00,0,8.63
2711.00,2244,4.64,36.00,615.10,0.00,0,5.52
2712.00,2242,4.02,40.00,596.93,0.00,0,9.56
2713.00,2248,2.88,35.00,615.10,0.00,0,6.09
2721.00,2250,3.50,40.00,615.10,0.00,0,4.93
2723.00,2257,-0.83,38.00,615.10,0.00,0,5.49
2732.00,2261,-0.59,42.00,596.93,0.00,0,8.75
2736.00,2266,-0.54,40.00,596.93,0.00,0,8.62
2750.00,2276,-0.44,42.00,617.75,0.00,0,7.92
2753.00,2280,-0.20,40.00,617.75,0.00,0,7.07
2757.00,1819,2.39,590.00,596.93,510.00,4,558.70
2757.00,1858,0.98,545.00,617.75,461.00,3,516.39
2759.00,1828,-0.32,584.00,596.93,504.00,3,553.63
2759.00,1959,42.79,385.00,615.10,325.00,2,350.52
2761.00,1901,85.81,413.00,617.75,338.00,2,378.81
2762.00,1975,33.75,378.00,615.10,315.00,2,341.35
2764.00,1982,28.42,377.00,615.10,312.00,2,345.87
2765.00,1902,85.62,416.00,617.75,337.00,2,380.88
2765.00,1985,27.85,375.00,615.10,305.00,3,340.60
2767.00,1787,-0.53,641.00,596.93,547.00,4,609.61
2767.00,1870,-0.30,542.00,596.93,456.00,3,502.06
2767.00,1909,83.29,412.00,617.75,335.00,2,376.75
2767.00,1990,25.90,373.00,615.10,304.00,3,344.25
2768.00,1969,34.89,390.00,615.10,315.00,2,356.25
2770.00,1818,1.58,605.00,596.93,517.00,4,577.27
2770.00,1961,43.41,393.00,615.10,318.00,2,360.58
2771.00,2020,7.20,360.00,615.10,295.00,3,322.09
2772.00,1935,65.35,404.00,617.75,328.00,2,363.64
2773.00,1800,0.00,631.00,596.93,536.00,4,590.47
2773.00,2004,14.24,374.00,615.10,296.00,5,343.35
2774.00,1823,0.63,604.00,596.93,503.00,4,572.12
2775.00,2146,3.26,218.00,605.00,172.00,1,188.44
2776.00,1978,32.18,390.00,617.75,312.00,2,352.09
2777.00,1852,-0.88,574.00,596.93,469.00,4,539.88
2777.00,2081,85.61,215.00,615.10,168.00,1,183.82
2778.00,2009,-0.71,388.00,607.65,307.00,2,350.68
2779.00,2041,4.21,346.00,596.93,282.00,2,315.58
2781.00,1988,25.28,390.00,617.75,302.00,3,351.93
2782.00,1857,-0.83,573.00,596.93,468.00,4,539.76
2783.00,2042,106.02,247.00,617.75,181.00,1,213.85
2783.00,2104,73.24,206.00,615.10,154.00,1,166.65
2784.00,1868,-0.92,562.00,596.93,458.00,5,529.52
2785.00,2111,70.91,202.00,615.10,150.00,1,171.24
2786.00,1878,-0.82,552.00,596.93,444.00,3,520.78
2786.00,1999,17.19,390.00,617.75,304.00,3,352.34
2786.00,2130,57.30,194.00,615.10,143.00,1,165.44
2788.00,2018,8.58,378.00,617.75,293.00,2,342.61
2788.00,2154,41.74,183.00,615.10,131.00,1,154.01
2789.00,1867,7.27,560.00,586.83,454.00,5,527.88
2789.00,2025,5.25,374.00,617.75,287.00,2,342.76
2789.00,2189,14.09,170.00,615.10,119.00,1,139.71
2789.00,2199,9.19,163.00,615.10,113.00,1,135.10
2790.00,1883,-0.77,550.00,596.93,442.00,5,521.16
2791.00,2028,10.68,367.00,617.75,282.00,2,334.17
2791.00,2205,5.05,162.00,615.10,112.00,1,131.68
2793.00,2207,5.67,161.00,615.10,111.00,1,127.92
2794.00,2032,6.92,369.00,617.75,282.00,2,335.79
2794.00,2210,5.10,159.00,615.10,109.00,1,128.18
2795.00,1907,82.67,443.00,596.93,337.00,3,408.55
2795.00,2006,13.86,394.00,617.75,298.00,4,364.70
2797.00,1912,83.72,438.00,596.93,337.00,4,410.46
2799.00,2023,6.63,385.00,617.75,286.00,2,352.14
2799.00,2224,2.44,150.00,615.10,101.00,1,117.40
2800.00,1924,75.44,435.00,596.93,336.00,4,401.81
2801.00,2015,6.15,397.00,617.75,295.00,5,364.26
2803.00,1945,56.45,432.00,596.93,333.00,2,397.90
2803.00,2040,0.40,375.00,617.75,276.00,3,342.49
2804.00,2235,-0.65,145.00,615.10,95.00,1,115.79
2805.00,1998,-0.62,428.00,586.83,334.00,3,395.77
2806.00,2053,105.93,257.00,617.75,180.00,1,222.81
2809.00,1970,36.70,428.00,596.93,328.00,2,393.02
2811.00,2026,7.06,393.00,596.93,292.00,3,358.90
2812.00,2228,0.68,160.00,617.75,100.00,1,121.41
2813.00,2043,109.83,272.00,596.93,184.00,1,239.09
2815.00,2062,97.22,264.00,617.75,178.00,1,224.09
2816.00,2046,109.26,272.00,596.93,183.00,1,239.59
2817.00,2245,-0.55,146.00,617.75,85.00,1,109.60
2817.00,2262,-0.78,126.00,615.10,68.00,1,88.53
2818.00,2247,-0.93,145.00,617.75,84.00,1,115.11
2819.00,2064,95.84,267.00,596.93,183.00,1,233.13
2820.00,2222,0.82,175.00,617.75,109.00,3,143.49
2822.00,2172,28.32,209.00,596.93,143.00,2,174.20
2823.00,2223,0.63,177.00,617.75,103.00,3,143.30
2824.00,2067,95.27,269.00,617.75,179.00,3,237.37
2824.00,2231,-0.89,170.00,596.93,104.00,2,136.54
2826.00,2080,85.80,265.00,617.75,177.00,2,233.90
2827.00,2253,-0.07,146.00,596.93,79.00,2,111.50
2831.00,2068,96.08,274.00,596.93,185.00,3,238.27
2831.00,2219,0.39,190.00,617.75,128.00,1,154.24
2832.00,2263,-0.97,140.00,596.93,68.00,2,109.57
2833.00,2085,83.85,268.00,617.75,178.00,3,238.30
2833.00,2299,48.19,49.00,615.10,0.00,0,18.22
2835.00,2090,85.90,262.00,596.93,182.00,3,226.92
2835.00,2290,52.90,57.00,617.75,1.00,1,25.72
2836.00,2303,45.43,50.00,615.10,0.00,0,15.25
2837.00,2109,70.29,257.00,596.93,175.00,1,225.54
2839.00,2115,69.15,253.00,596.93,170.00,1,220.85
2840.00,2265,66.65,78.00,617.75,2.00,2,39.57
2841.00,2086,84.66,274.00,617.75,176.00,2,243.40
2841.00,2292,52.52,61.00,605.00,0.00,0,33.90
2843.00,2141,50.21,245.00,596.93,159.00,1,211.49
2844.00,2149,43.69,243.00,596.93,158.00,2,217.12
2844.00,2272,63.32,77.00,615.10,1.00,1,47.85
2846.00,2087,85.47,277.00,617.75,174.00,1,238.67
2847.00,2341,17.21,44.00,615.10,0.00,0,11.65
2848.00,2309,40.29,60.00,617.75,0.00,0,22.15
2849.00,2213,4.53,211.00,596.93,121.00,2,173.74
2849.00,2310,40.10,60.00,617.75,0.00,0,26.82
2849.00,2347,16.07,40.00,615.10,0.00,0,10.67
2851.00,2088,86.28,280.00,617.75,178.00,2,246.79
2851.00,2158,40.98,242.00,596.93,151.00,2,207.55
2853.00,2180,21.80,237.00,596.93,138.00,2,204.16
2856.00,2093,85.33,280.00,617.75,178.00,2,239.50
2856.00,2119,67.39,267.00,617.75,171.00,2,232.02
2857.00,2220,0.20,215.00,596.93,112.00,2,178.71
2859.00,2120,67.20,269.00,617.75,169.00,2,233.62
2859.00,2236,0.16,198.00,596.93,93.00,1,167.16
2861.00,2138,50.78,266.00,617.75,166.00,2,230.38
2862.00,2254,1.74,178.00,596.93,79.00,4,143.70
2866.00,2274,63.94,96.00,596.93,1.00,1,58.42
2867.00,2139,50.59,271.00,617.75,166.00,2,229.18
2867.00,2269,64.89,102.00,617.75,0.00,0,64.18
2867.00,2279,61.99,93.00,596.93,0.00,0,59.72
2869.00,2151,44.31,265.00,617.75,161.00,2,235.08
2869.00,2321,30.01,77.00,596.93,0.00,0,42.92
2870.00,2157,41.17,262.00,617.75,158.00,1,230.03
2872.00,2165,35.65,260.00,617.75,155.00,1,228.66
2872.00,2326,27.06,77.00,596.93,0.00,0,42.84
2876.00,1936,93.16,479.00,596.93,390.00,3,447.39
2880.00,2091,19.71,372.00,617.75,295.00,2,334.61
2881.00,2094,18.14,371.00,617.75,294.00,2,341.49
2881.00,2167,5.27,297.00,615.10,236.00,1,263.94
2882.00,2152,-0.88,322.00,596.93,251.00,4,283.67
2883.00,2107,10.67,365.00,617.75,288.00,2,330.83
2883.00,2133,1.73,343.00,596.93,278.00,2,317.85
2885.00,2142,0.02,336.00,596.93,271.00,2,306.68
2885.00,2148,-0.12,329.00,617.75,251.00,2,295.21
2887.00,2179,0.99,293.00,615.10,236.00,1,251.63
2888.00,2183,2.23,288.00,615.10,235.00,1,255.74
2889.00,2164,5.84,308.00,617.75,246.00,1,271.74
2889.00,2181,1.61,292.00,615.10,235.00,1,262.49
2890.00,1942,95.02,484.00,596.93,391.00,5,445.80
2893.00,2072,-0.68,428.00,596.93,375.00,2,396.59
2895.00,2074,-0.06,427.00,596.93,373.00,2,396.03
2895.00,2131,-0.89,360.00,615.10,301.00,2,326.54
2895.00,2144,-0.36,344.00,615.10,289.00,2,313.43
2897.00,2076,0.56,426.00,596.93,372.00,2,396.26
2897.00,2125,0.25,368.00,617.75,310.00,2,329.38
2897.00,2161,-0.59,326.00,615.10,271.00,3,295.34
2899.00,2136,-0.84,358.00,617.75,299.00,2,325.08
2899.00,2156,-0.64,334.00,615.10,275.00,2,299.96
2901.00,2175,-0.25,313.00,615.10,254.00,2,279.52
2902.00,2187,2.47,297.00,615.10,244.00,1,267.07
2903.00,2098,-0.62,407.00,596.93,348.00,2,372.62
2903.00,2163,0.03,329.00,617.75,267.00,2,293.46
2904.00,2100,0.00,405.00,596.93,346.00,2,372.41
2904.00,2221,1.01,260.00,615.10,209.00,1,228.00
2905.00,2171,0.51,321.00,617.75,258.00,2,284.98
2906.00,2105,-0.95,402.00,596.93,341.00,2,370.72
2907.00,2176,1.56,316.00,617.75,253.00,2,282.97
2907.00,2243,-0.17,238.00,615.10,182.00,1,201.44
2908.00,2106,0.86,401.00,596.93,338.00,2,370.61
2908.00,2264,-0.16,214.00,615.10,162.00,1,184.19
2910.00,2113,-0.47,396.00,596.93,336.00,2,367.06
2910.00,2300,0.00,173.00,615.10,121.00,1,142.10
2911.00,2184,1.04,311.00,617.75,248.00,1,273.39
2911.00,2308,-0.52,165.00,615.10,115.00,1,133.94
2914.00,2313,1.53,160.00,615.10,109.00,1,123.29
2914.00,2314,3.34,157.00,615.10,103.00,2,128.43
2915.00,2116,-0.04,397.00,596.93,331.00,2,361.73
2915.00,2218,1.58,274.00,617.75,215.00,1,233.96
2916.00,2312,-0.28,165.00,615.10,107.00,2,131.07
2917.00,2166,-0.54,340.00,596.93,273.00,2,307.21
2917.00,2234,1.54,257.00,617.75,199.00,1,224.44
2917.00,2237,0.97,254.00,617.75,199.00,1,224.74
2918.00,2169,-0.11,337.00,596.93,270.00,2,306.65
2918.00,2325,-0.75,152.00,615.10,100.00,1,117.91
2919.00,2327,-0.13,150.00,615.10,97.00,1,121.13
2920.00,2177,3.37,326.00,596.93,260.00,2,297.12
2920.00,2252,-0.88,241.00,617.75,184.00,1,208.29
2921.00,2330,-0.70,149.00,615.10,94.00,1,116.97
2922.00,2258,-0.02,235.00,617.75,179.00,1,204.40
2922.00,2348,-0.12,128.00,615.10,76.00,1,96.26
2923.00,2182,0.42,326.00,596.93,258.00,2,295.28
2924.00,2285,-0.15,205.00,617.75,149.00,1,173.36
2925.00,2185,1.85,323.00,596.93,255.00,2,293.52
2925.00,2287,0.47,203.00,617.75,146.00,1,174.64
2927.00,2193,-0.67,318.00,596.93,250.00,3,290.68
2928.00,2356,-0.64,125.00,615.10,70.00,1,85.28
2929.00,2361,-0.59,120.00,615.10,67.00,1,88.53
2931.00,2203,-0.57,310.00,596.93,246.00,1,277.43
2931.00,2297,-0.43,198.00,617.75,137.00,1,166.43
2931.00,2367,-0.73,115.00,615.10,62.00,1,82.93
2933.00,2208,-0.52,306.00,596.93,245.00,1,276.67
2933.00,2363,0.03,121.00,615.10,66.00,1,92.16
2934.00,2295,-0.05,203.00,617.75,139.00,1,159.22
2934.00,2389,-0.91,92.00,615.10,39.00,1,58.35
2936.00,2217,-0.23,298.00,596.93,237.00,1,264.92
2936.00,2305,-0.95,194.00,617.75,132.00,1,156.27
2936.00,2408,-0.52,71.00,615.10,19.00,1,36.07
2937.00,2433,-0.27,42.00,605.00,0.00,0,12.80
2938.00,2306,-0.14,194.00,617.75,130.00,1,162.50
2939.00,2323,-0.37,175.00,617.75,112.00,1,142.95
2940.00,2384,1.04,102.00,615.10,43.00,2,67.88
2941.00,2233,-0.27,284.00,596.93,219.00,1,247.52
2941.00,2353,-0.07,141.00,617.75,78.00,1,110.00
2943.00,2241,-0.79,277.00,596.93,213.00,1,241.29
2945.00,2371,-0.49,124.00,617.75,57.00,1,87.90
2946.00,2255,-0.45,263.00,596.93,196.00,1,225.50
2947.00,2385,2.85,106.00,617.75,42.00,1,74.37
2948.00,2259,1.79,258.00,596.93,192.00,1,224.29
2950.00,2267,-0.73,253.00,596.93,185.00,1,220.62
2950.00,2403,-0.57,91.00,617.75,25.00,1,55.21
2951.00,2318,1.58,191.00,596.93,123.00,1,163.59
2951.00,2415,-0.85,78.00,617.75,13.00,1,45.58
2953.00,2416,-0.04,78.00,617.75,12.00,1,45.22
2955.00,2377,-0.63,127.00,596.93,56.00,1,95.07
2957.00,2420,-0.80,78.00,617.75,10.00,1,41.98
2959.00,2273,-0.87,255.00,596.93,187.00,1,218.32
2961.00,2351,-0.69,164.00,596.93,92.00,3,131.32
2961.00,2430,-0.70,70.00,617.75,0.00,0,32.16
2962.00,2435,1.35,63.00,617.75,0.00,0,32.98
2963.00,2383,-0.77,128.00,596.93,50.00,2,93.88
2964.00,2436,2.16,63.00,617.75,0.00,0,30.71
2965.00,2380,-0.20,133.00,596.93,57.00,3,102.65
2966.00,2425,-0.75,81.00,596.93,4.00,2,54.14
2966.00,2461,-0.59,38.00,615.10,0.00,0,9.92
2967.00,2443,-0.17,60.00,617.75,0.00,0,24.70
2968.00,2444,0.64,59.00,617.75,0.00,0,29.05
2970.00,2463,3.03,36.00,615.10,0.00,0,6.31
2971.00,2434,-0.46,75.00,596.93,0.00,0,40.35
2975.00,2440,-0.60,72.00,596.93,0.00,0,34.95
2975.00,2466,5.46,35.00,615.10,0.00,0,5.98
2976.00,2446,1.26,64.00,596.93,0.00,0,28.61
2979.00,2462,1.22,48.00,596.93,0.00,0,13.39
2981.00,2464,4.84,44.00,596.93,0.00,0,12.01
2981.00,2474,1.94,35.00,615.10,0.00,0,6.55
2988.00,2469,4.89,45.00,596.93,0.00,0,9.49
2990.00,2476,2.56,41.00,596.93,0.00,0,10.72
2991.00,2477,4.37,39.00,596.93,0.00,0,12.10
2994.00,2484,-0.96,39.00,615.10,1.00,1,7.20
3003.00,2283,5.23,281.00,596.93,236.00,1,249.63
3005.00,2281,1.61,289.00,617.75,244.00,1,256.91
3005.00,2293,2.33,274.00,615.10,228.00,1,240.47
3006.00,2286,4.66,281.00,596.93,235.00,1,247.33
3007.00,2282,3.42,288.00,617.75,242.00,1,256.99
3007.00,2302,-0.38,268.00,615.10,217.00,1,238.28
3008.00,2316,-0.04,252.00,615.10,200.00,2,220.51
3009.00,2320,1.20,247.00,615.10,192.00,2,212.26
3010.00,2336,2.16,228.00,615.10,180.00,1,196.08
3011.00,2289,4.09,283.00,617.75,233.00,1,247.30
3012.00,2319,-0.61,253.00,615.10,203.00,1,217.70
3012.00,2337,3.97,227.00,615.10,179.00,1,194.24
3014.00,2329,1.49,241.00,596.93,189.00,1,203.11
3014.00,2350,0.50,217.00,615.10,168.00,1,182.12
3015.00,2333,-0.27,239.00,596.93,187.00,1,209.45
3016.00,2345,3.45,222.00,615.10,169.00,2,192.10
3017.00,2324,-0.56,252.00,617.75,198.00,1,213.95
3017.00,2340,3.40,229.00,596.93,179.00,1,200.33
3017.00,2359,1.79,208.00,615.10,161.00,1,178.99
3018.00,2328,-0.32,248.00,617.75,196.00,1,214.64
3018.00,2344,1.64,227.00,596.93,177.00,1,198.83
3019.00,2370,4.70,194.00,615.10,145.00,1,165.71
3020.00,2335,0.35,241.00,617.75,187.00,1,206.31
3020.00,2379,1.99,187.00,615.10,140.00,1,158.72
3021.00,2355,0.55,218.00,615.10,165.00,1,181.53
3022.00,2352,1.12,222.00,617.75,170.00,1,193.86
3024.00,2338,16.78,225.00,596.93,151.00,1,197.92
3028.00,2194,11.14,406.00,617.75,297.00,2,372.82
3028.00,2390,-0.10,184.00,615.10,138.00,1,148.47
3029.00,2346,14.26,223.00,596.93,151.00,1,190.58
3030.00,2195,10.95,407.00,617.75,297.00,3,377.57
3030.00,2395,0.95,179.00,615.10,132.00,1,144.01
3031.00,2397,3.57,175.00,596.93,129.00,1,144.98
3031.00,2418,1.58,152.00,615.10,105.00,1,120.67
3032.00,2400,3.00,173.00,596.93,128.00,1,147.96
3033.00,2423,-0.37,150.00,615.10,101.00,1,117.64
3034.00,2406,0.86,170.00,596.93,125.00,1,141.94
3035.00,2198,9.38,410.00,617.75,299.00,3,373.89
3035.00,2427,-0.13,147.00,615.10,99.00,1,116.53
3036.00,2288,54.28,259.00,617.75,150.00,2,230.07
3036.00,2432,1.92,140.00,615.10,93.00,1,106.18
3038.00,2331,24.11,240.00,617.75,146.00,1,205.89
3038.00,2409,3.29,168.00,596.93,119.00,1,136.99
3038.00,2437,-0.03,138.00,615.10,90.00,1,106.15
3040.00,2441,-0.79,136.00,615.10,87.00,1,105.01
3041.00,2339,18.59,239.00,617.75,146.00,1,204.64
3042.00,2457,1.17,117.00,615.10,68.00,1,81.64
3043.00,2354,10.74,231.00,617.75,146.00,1,198.89
3043.00,2429,0.49,152.00,596.93,98.00,1,116.03
3043.00,2507,-0.33,60.00,615.10,11.00,1,27.51
3045.00,2520,-0.80,47.00,615.10,0.00,0,11.84
3046.00,2442,1.02,139.00,596.93,83.00,1,103.27
3047.00,2358,7.98,233.00,617.75,144.00,1,196.67
3048.00,2454,-0.26,128.00,596.93,71.00,1,93.13
3050.00,2391,1.71,203.00,617.75,144.00,1,168.31
3050.00,2458,2.98,122.00,596.93,66.00,1,91.20
3052.00,2393,1.33,203.00,617.75,144.00,1,169.02
3052.00,2532,-0.08,39.00,615.10,0.00,0,8.54
3054.00,2396,2.76,200.00,617.75,143.00,1,165.93
3055.00,2471,-0.49,115.00,596.93,56.00,1,76.06
3057.00,2401,4.81,195.00,617.75,135.00,1,158.48
3057.00,2473,0.13,114.00,596.93,54.00,1,83.50
3058.00,2407,2.67,191.00,617.75,133.00,1,163.46
3058.00,2478,-0.82,110.00,596.93,52.00,1,79.11
3060.00,2411,3.91,187.00,617.75,130.00,1,156.89
3060.00,2480,-0.20,109.00,596.93,51.00,1,76.15
3062.00,2417,-0.23,186.00,617.75,127.00,1,155.71
3062.00,2505,-0.95,82.00,596.93,22.00,1,49.63
3063.00,2541,0.21,39.00,615.10,0.00,0,6.22
3064.00,2524,-0.56,61.00,596.93,3.00,1,30.50
3066.00,2431,1.11,172.00,617.75,111.00,1,136.74
3066.00,2543,1.83,38.00,615.10,0.00,0,8.27
3067.00,2456,0.36,144.00,617.75,82.00,1,113.68
3067.00,2527,-0.13,60.00,596.93,0.00,0,28.30
3069.00,2548,1.88,35.00,615.10,0.00,0,9.85
3070.00,2459,4.79,139.00,617.75,78.00,1,106.07
3071.00,2533,1.73,55.00,596.93,0.00,0,19.96
3072.00,2460,5.60,139.00,617.75,77.00,1,107.30
3074.00,2538,0.78,53.00,596.93,0.00,0,18.60
3076.00,2545,2.45,45.00,596.93,0.00,0,11.08
3079.00,2465,1.65,144.00,617.75,75.00,1,104.41
3079.00,2559,-0.21,34.00,615.10,0.00,0,5.33
3080.00,2482,0.42,126.00,617.75,57.00,1,96.33
3082.00,2508,1.48,96.00,617.75,27.00,1,64.40
3084.00,2561,0.41,36.00,615.10,0.00,0,6.04
3086.00,2510,1.10,98.00,617.75,26.00,1,59.94
3088.00,2534,3.54,69.00,617.75,0.00,0,34.10
3091.00,1943,96.83,682.00,596.93,588.00,6,650.78
3092.00,2191,1.71,483.00,615.10,430.00,2,450.46
3093.00,2170,4.70,506.00,617.75,445.00,2,472.79
3093.00,2190,-0.10,487.00,615.10,428.00,4,455.42
3094.00,2178,0.18,502.00,617.75,444.00,2,470.08
3095.00,2197,2.57,478.00,615.10,420.00,2,449.06
3099.00,2192,2.52,488.00,617.75,429.00,2,452.20
3099.00,2204,-0.76,477.00,615.10,419.00,2,446.61
3099.00,2214,-0.66,465.00,615.10,406.00,2,428.69
3100.00,1962,98.22,667.00,596.93,570.00,3,630.98
3101.00,2005,75.05,640.00,596.93,543.00,3,608.78
3101.00,2230,-0.70,448.00,615.10,388.00,2,415.31
3102.00,1956,99.36,675.00,596.93,577.00,4,628.04
3102.00,2206,-0.14,477.00,617.75,416.00,2,446.37
3105.00,2035,58.35,625.00,596.93,523.00,3,588.85
3105.00,2211,-0.09,474.00,617.75,410.00,2,440.35
3105.00,2268,-0.92,407.00,615.10,344.00,2,366.10
3107.00,2102,10.62,595.00,596.93,495.00,3,560.58
3107.00,2215,1.15,470.00,617.75,406.00,2,440.17
3107.00,2271,0.51,404.00,615.10,341.00,2,372.53
3108.00,2278,2.18,395.00,615.10,329.00,2,360.11
3109.00,2121,2.01,583.00,596.93,481.00,3,553.33
3109.00,2232,-0.08,453.00,617.75,388.00,2,421.01
3110.00,2047,56.07,618.00,596.93,514.00,3,588.45
3110.00,2296,-0.24,378.00,615.10,314.00,2,347.73
3111.00,2246,-0.74,439.00,617.75,372.00,2,406.46
3111.00,2307,-0.33,366.00,615.10,300.00,2,335.81
3113.00,2311,-0.09,363.00,615.10,299.00,2,328.32
3115.00,2075,35.75,610.00,596.93,507.00,4,575.01
3115.00,2249,-0.31,439.00,617.75,371.00,2,405.24
3115.00,2322,-0.18,352.00,615.10,285.00,2,317.76
3116.00,2343,-0.17,328.00,615.10,263.00,2,292.02
3117.00,2108,11.48,597.00,596.93,488.00,4,568.47
3118.00,2128,-0.32,586.00,596.93,474.00,3,555.20
3118.00,2360,-0.40,310.00,615.10,244.00,2,281.80
3119.00,2251,-0.69,441.00,617.75,368.00,2,402.03
3119.00,2270,-0.30,418.00,617.75,348.00,2,392.74
3119.00,2362,0.22,308.00,615.10,242.00,2,278.69
3121.00,2134,3.54,578.00,596.93,465.00,4,545.70
3121.00,2260,-0.40,432.00,617.75,359.00,2,397.75
3121.00,2372,-0.68,299.00,615.10,235.00,2,265.32
3123.00,2373,1.13,298.00,615.10,232.00,2,270.01
3124.00,2375,1.75,296.00,615.10,229.00,3,268.67
3126.00,2143,1.83,574.00,596.93,457.00,4,538.52
3126.00,2382,1.42,290.00,615.10,221.00,2,258.02
3127.00,2155,10.55,552.00,596.93,438.00,2,518.32
3127.00,2387,1.47,285.00,615.10,218.00,2,257.28
3128.00,2291,-0.29,402.00,617.75,323.00,2,362.66
3128.00,2399,-0.81,274.00,615.10,210.00,2,243.39
3129.00,2294,-0.86,400.00,617.75,323.00,2,368.78
3129.00,2392,-0.48,283.00,615.10,213.00,2,253.92
3131.00,2162,5.22,553.00,596.93,436.00,2,516.90
3131.00,2301,-0.19,393.00,617.75,313.00,2,361.37
3131.00,2414,-0.66,259.00,615.10,192.00,2,228.01
3132.00,2174,1.94,543.00,596.93,439.00,2,510.63
3132.00,2304,-0.76,391.00,617.75,314.00,3,359.65
3132.00,2448,1.88,217.00,615.10,165.00,1,188.00
3134.00,2196,0.76,520.00,596.93,437.00,2,487.70
3134.00,2485,-0.15,177.00,615.10,125.00,1,146.83
3135.00,2315,-0.85,381.00,617.75,303.00,2,344.52
3135.00,2488,1.28,173.00,615.10,123.00,1,144.79
3136.00,2487,-0.53,177.00,615.10,124.00,1,142.94
3137.00,2342,-0.98,351.00,617.75,272.00,2,317.35
3137.00,2498,-0.62,165.00,615.10,117.00,1,136.43
3138.00,2227,-0.13,488.00,586.83,407.00,2,451.95
3139.00,2506,-0.14,157.00,615.10,108.00,1,129.83
3140.00,2256,-0.64,456.00,596.93,374.00,2,425.04
3140.00,2349,-0.31,345.00,617.75,264.00,3,310.96
3141.00,2381,0.61,307.00,617.75,226.00,2,274.94
3142.00,2275,-0.25,435.00,596.93,356.00,2,406.94
3144.00,2398,-0.62,291.00,617.75,210.00,2,258.47
3144.00,2536,-0.84,127.00,615.10,75.00,1,89.55
3145.00,2419,-0.61,267.00,615.10,191.00,1,234.59
3148.00,2277,0.37,438.00,596.93,353.00,2,399.64
3149.00,2284,-0.96,432.00,596.93,346.00,2,402.02
3151.00,2467,-0.73,216.00,617.75,149.00,1,184.49
3152.00,2502,0.62,174.00,617.75,132.00,1,146.72
3153.00,2451,1.31,235.00,617.75,164.00,1,190.96
3154.00,2497,-0.43,183.00,615.10,138.00,1,152.45
3155.00,2492,-0.48,190.00,596.93,142.00,1,154.82
3157.00,2500,0.00,182.00,615.10,137.00,1,151.30
3157.00,2504,1.24,176.00,596.93,130.00,1,149.16
3157.00,2517,0.77,161.00,615.10,114.00,1,126.68
3158.00,2513,-0.47,168.00,596.93,123.00,1,140.95
3158.00,2528,-0.32,150.00,615.10,103.00,1,118.23
3160.00,2522,0.82,158.00,615.10,110.00,1,129.57
3161.00,2515,0.15,168.00,596.93,120.00,1,135.63
3161.00,2521,-0.99,162.00,617.75,111.00,1,124.01
3161.00,2575,0.75,96.00,615.10,49.00,1,67.83
3162.00,2525,0.25,157.00,617.75,103.00,2,122.31
3164.00,2530,0.30,153.00,596.93,102.00,1,120.51
3166.00,2544,-0.36,139.00,617.75,87.00,1,100.79
3167.00,2540,-0.60,145.00,596.93,95.00,1,112.27
3168.00,2546,-0.74,139.00,617.75,86.00,1,104.26
3169.00,2547,0.07,138.00,617.75,85.00,1,104.44
3169.00,2628,-0.32,42.00,615.10,0.00,0,12.22
3173.00,2550,-0.50,139.00,617.75,85.00,1,102.82
3173.00,2555,-0.45,133.00,596.93,75.00,1,93.06
3173.00,2572,-0.68,113.00,596.93,59.00,1,81.20
3175.00,2553,-0.07,137.00,617.75,82.00,1,110.57
3175.00,2578,2.18,105.00,596.93,49.00,1,75.73
3178.00,2364,-0.16,365.00,596.93,312.00,2,336.10
3179.00,2357,1.17,373.00,617.75,320.00,2,344.43
3181.00,2402,-0.38,323.00,615.10,266.00,2,287.90
3182.00,2366,0.46,366.00,596.93,311.00,2,333.46
3183.00,2368,1.08,364.00,615.10,305.00,2,329.19
3183.00,2421,-0.99,303.00,615.10,244.00,2,272.30
3184.00,2374,2.94,356.00,596.93,297.00,2,324.96
3185.00,2424,-0.56,301.00,615.10,241.00,2,269.10
3186.00,2394,-0.86,338.00,596.93,278.00,2,307.92
3186.00,2470,-0.30,247.00,615.10,186.00,2,214.97
3188.00,2369,2.89,366.00,617.75,303.00,2,327.51
3189.00,2378,1.18,358.00,617.75,298.00,2,329.29
3189.00,2472,0.32,247.00,615.10,185.00,2,210.05
3191.00,2388,-0.72,350.00,617.75,286.00,2,317.14
3191.00,2481,-0.39,239.00,615.10,177.00,2,202.89
3192.00,2405,-0.95,331.00,617.75,268.00,2,298.92
3192.00,2413,0.53,320.00,596.93,255.00,2,283.09
3192.00,2486,-0.34,234.00,615.10,171.00,2,200.12
3193.00,2426,0.06,306.00,596.93,242.00,2,277.69
3194.00,2493,-0.67,228.00,615.10,165.00,2,196.13
3195.00,2410,-0.90,328.00,617.75,261.00,2,298.30
3195.00,2501,-0.19,219.00,615.10,156.00,2,189.17
3197.00,2412,-0.28,327.00,617.75,259.00,2,295.36
3197.00,2450,0.50,281.00,596.93,215.00,2,244.77
3197.00,2512,-0.28,208.00,615.10,147.00,1,174.54
3198.00,2568,1.08,141.00,615.10,93.00,1,109.39
3199.00,2453,1.93,278.00,596.93,211.00,2,245.33
3199.00,2582,1.42,125.00,605.00,78.00,1,96.37
3201.00,2494,1.14,232.00,596.93,162.00,2,199.52
3201.00,2580,0.80,130.00,615.10,80.00,1,93.75
3202.00,2428,0.68,312.00,617.75,241.00,2,276.20
3202.00,2583,3.23,125.00,615.10,76.00,1,97.57
3203.00,2503,0.43,224.00,596.93,155.00,3,194.00
3204.00,2438,-0.22,303.00,617.75,232.00,2,267.50
3205.00,2514,0.34,213.00,615.10,148.00,1,183.69
3205.00,2604,-0.76,107.00,615.10,57.00,1,74.02
3206.00,2439,1.59,302.00,617.75,230.00,2,268.48
3206.00,2631,-0.89,76.00,615.10,27.00,1,44.53
3208.00,2518,0.58,211.00,596.93,149.00,1,178.62
3209.00,2449,-0.31,295.00,617.75,223.00,2,258.76
3212.00,2452,1.12,293.00,607.65,219.00,2,256.76
3212.00,2535,-0.65,196.00,596.93,138.00,1,166.90
3214.00,2483,0.23,259.00,617.75,182.00,2,228.21
3214.00,2526,-0.94,209.00,596.93,146.00,1,170.47
3216.00,2554,-0.26,177.00,596.93,116.00,1,146.33
3216.00,2670,-0.30,39.00,615.10,0.00,0,7.74
3217.00,2490,-0.10,254.00,607.65,174.00,2,218.76
3217.00,2558,-0.02,173.00,596.93,113.00,1,144.82
3218.00,2491,-0.29,254.00,617.75,171.00,2,222.05
3219.00,2562,-0.78,171.00,596.93,111.00,1,141.70
3220.00,2495,2.95,248.00,617.75,168.00,2,217.15
3221.00,2496,2.76,248.00,617.75,168.00,3,218.25
3223.00,2516,0.96,228.00,617.75,147.00,2,197.97
3223.00,2563,1.03,172.00,596.93,110.00,1,139.86
3223.00,2671,1.51,43.00,615.10,0.00,0,7.30
3225.00,2564,2.84,171.00,596.93,108.00,1,139.54
3225.00,2674,0.94,42.00,615.10,0.00,0,10.21
3226.00,2523,-0.37,224.00,617.75,144.00,1,193.02
3228.00,2549,-0.31,195.00,617.75,134.00,1,167.51
3232.00,2565,-0.35,180.00,596.93,135.00,1,148.40
3232.00,2566,1.46,177.00,615.10,134.00,1,147.47
3233.00,2542,2.02,206.00,617.75,143.00,1,175.08
3234.00,2567,3.27,176.00,615.10,132.00,1,144.76
3235.00,2594,0.14,148.00,596.93,101.00,1,116.38
3236.00,2576,-0.44,171.00,615.10,124.00,1,137.52
3236.00,2598,1.38,143.00,596.93,99.00,1,114.13
3237.00,2584,-0.96,163.00,615.10,117.00,1,134.06
3237.00,2587,1.47,157.00,615.10,108.00,1,127.21
3239.00,2596,0.76,149.00,615.10,101.00,1,116.01
3240.00,2585,0.85,163.00,617.75,115.00,1,131.42
3242.00,2592,-0.48,158.00,617.75,110.00,1,128.93
3242.00,2607,-0.33,140.00,596.93,88.00,1,104.52
3243.00,2615,2.15,129.00,615.10,78.00,1,90.24
3244.00,2599,3.19,148.00,617.75,97.00,1,117.35
3244.00,2614,0.34,133.00,596.93,83.00,1,99.13
3245.00,2617,5.77,125.00,615.10,72.00,1,97.05
3246.00,2616,3.96,129.00,596.93,77.00,1,97.90
3246.00,2634,0.54,111.00,615.10,60.00,1,80.03
3247.00,2612,-0.28,139.00,617.75,88.00,1,108.01
3248.00,2635,2.35,110.00,596.93,59.00,1,79.62
3249.00,2646,-0.74,101.00,615.10,47.00,1,61.66
3250.00,2642,-0.98,107.00,596.93,56.00,1,77.15
3251.00,2620,5.20,128.00,617.75,75.00,1,94.61
3251.00,2682,1.42,58.00,615.10,3.00,1,26.36
3253.00,2663,-0.97,85.00,596.93,33.00,1,53.72
3256.00,2673,1.13,74.00,596.93,19.00,1,41.76
3257.00,2630,-0.70,128.00,617.75,69.00,1,86.54
3257.00,2632,-0.08,125.00,617.75,67.00,1,91.36
3258.00,2676,0.56,73.00,596.93,18.00,1,42.27
3259.00,2651,-0.69,105.00,617.75,49.00,1,72.67
3260.00,2681,-0.39,70.00,596.93,15.00,1,39.33
3262.00,2653,-0.07,105.00,617.75,46.00,1,69.06
3262.00,2683,3.23,66.00,596.93,11.00,1,37.77
3262.00,2705,1.05,42.00,615.10,0.00,0,10.97
3263.00,2654,0.74,104.00,617.75,46.00,1,75.81
3265.00,2672,-0.68,86.00,617.75,27.00,1,52.87
3267.00,2685,3.85,68.00,596.93,9.00,1,34.04
3268.00,2692,-0.48,65.00,617.75,5.00,1,29.27
3269.00,2718,1.58,33.00,615.10,0.00,0,5.51
3270.00,2696,-0.24,62.00,586.83,3.00,1,26.32
3272.00,2697,-0.43,63.00,596.93,1.00,1,32.74
3276.00,2701,-0.19,62.00,596.93,0.00,0,24.92
3276.00,2720,2.20,37.00,615.10,0.00,0,5.91
3279.00,2702,1.62,62.00,596.93,0.00,0,24.63
3280.00,2707,1.67,57.00,596.93,0.00,0,26.81
3282.00,2717,-0.23,49.00,596.93,0.00,0,18.77
3291.00,2730,-0.70,43.00,617.75,0.00,0,6.83
3298.00,2731,1.11,47.00,617.75,0.00,0,8.14
3299.00,2734,0.54,45.00,617.75,0.00,0,14.38
3301.00,2298,0.38,566.00,596.93,477.00,3,531.66
3301.00,2468,-0.92,365.00,617.75,294.00,2,333.62
3303.00,2475,-0.25,358.00,617.75,288.00,2,326.21
3303.00,2537,-0.03,284.00,596.93,218.00,4,256.17
3303.00,2551,60.31,207.00,605.00,139.00,1,177.52
3306.00,2317,-0.23,549.00,596.93,455.00,3,515.55
3309.00,2479,-0.01,359.00,617.75,284.00,2,321.55
3309.00,2586,41.66,190.00,615.10,138.00,1,157.56
3310.00,2499,-0.81,337.00,617.75,259.00,2,305.54
3310.00,2581,46.61,192.00,596.93,140.00,1,155.41
3311.00,2601,33.81,182.00,615.10,135.00,1,149.07
3312.00,2509,-0.71,327.00,617.75,250.00,2,292.70
3314.00,2332,-0.08,539.00,596.93,442.00,5,501.56
3314.00,2588,42.28,192.00,615.10,131.00,1,156.13
3315.00,2334,0.54,537.00,596.93,439.00,4,506.34
3315.00,2519,-0.61,318.00,617.75,238.00,2,283.68
3315.00,2608,31.48,180.00,615.10,128.00,1,146.15
3317.00,2365,-0.35,503.00,596.93,402.00,3,469.64
3317.00,2529,-0.51,308.00,617.75,227.00,2,273.31
3317.00,2610,32.10,179.00,615.10,126.00,1,147.67
3319.00,2560,58.60,214.00,617.75,141.00,1,183.24
3324.00,2589,-0.91,244.00,596.93,185.00,2,210.94
3325.00,2609,-0.71,221.00,596.93,163.00,2,192.05
3325.00,2640,1.40,182.00,615.10,134.00,1,146.47
3326.00,2570,-0.30,268.00,617.75,209.00,2,232.56
3326.00,2648,3.88,171.00,615.10,122.00,1,141.44
3327.00,2621,-0.99,209.00,596.93,151.00,2,180.27
3328.00,2650,4.50,170.00,615.10,119.00,1,136.44
3329.00,2573,1.13,266.00,617.75,203.00,2,227.74
3330.00,2657,1.17,167.00,615.10,115.00,1,139.96
3331.00,2577,1.37,263.00,617.75,201.00,2,228.64
3331.00,2684,-0.96,138.00,615.10,88.00,1,110.22
3332.00,2624,-0.56,210.00,596.93,146.00,2,175.74
3333.00,2590,0.90,250.00,617.75,186.00,2,214.43
3336.00,2552,-0.88,300.00,617.75,236.00,2,272.58
3338.00,2686,-0.34,142.00,615.10,94.00,1,110.96
3339.00,2571,0.51,279.00,596.93,209.00,2,244.25
3339.00,2579,-0.01,270.00,617.75,203.00,2,240.12
3339.00,2699,-0.81,128.00,615.10,79.00,1,99.53
3341.00,2716,-0.04,109.00,615.10,59.00,1,78.83
3342.00,2591,-0.29,259.00,617.75,191.00,2,228.06
3344.00,2595,-0.05,256.00,596.93,182.00,2,215.12
3344.00,2619,-0.61,228.00,596.93,156.00,2,195.44
3345.00,2723,-0.37,105.00,615.10,53.00,1,70.70
3346.00,2597,0.57,255.00,617.75,183.00,3,225.71
3346.00,2622,-0.18,226.00,596.93,152.00,2,191.51
3348.00,2626,-0.94,224.00,596.93,149.00,2,191.69
3349.00,2603,-0.57,252.00,617.75,180.00,3,218.77
3349.00,2726,5.06,100.00,615.10,48.00,1,60.79
3350.00,2633,-0.27,217.00,596.93,141.00,2,186.45
3350.00,2743,-0.17,86.00,615.10,32.00,1,53.28
3351.00,2746,2.26,81.00,615.10,29.00,1,52.07
3352.00,2606,-0.14,251.00,617.75,174.00,2,217.38
3352.00,2637,-0.03,214.00,596.93,135.00,2,183.70
3353.00,2623,1.63,230.00,617.75,154.00,2,200.05
3353.00,2643,-0.17,208.00,596.93,131.00,2,180.40
3353.00,2784,1.04,39.00,615.10,0.00,0,8.83
3356.00,2656,-0.64,196.00,596.93,117.00,2,167.62
3357.00,2694,-0.86,152.00,617.75,97.00,1,119.09
3361.00,2659,-0.21,197.00,596.93,115.00,2,163.06
3362.00,2660,1.60,195.00,596.93,113.00,2,166.75
3362.00,2695,-0.05,155.00,617.75,95.00,1,114.95
3363.00,2793,-0.67,40.00,615.10,0.00,0,11.46
3364.00,2736,-0.84,109.00,617.75,52.00,1,74.32
3365.00,2689,-0.91,166.00,596.93,99.00,1,133.51
3365.00,2745,0.45,98.00,617.75,39.00,1,67.28
3367.00,2766,1.46,74.00,617.75,17.00,1,41.05
3368.00,2714,-0.66,139.00,586.83,82.00,1,107.31
3368.00,2783,-0.77,57.00,617.75,0.00,0,27.22
3369.00,2724,1.44,126.00,596.93,69.00,1,99.43
3369.00,2794,1.14,43.00,615.10,0.00,0,10.72
3370.00,2787,0.47,53.00,617.75,0.00,0,24.12
3373.00,2751,-0.69,100.00,596.93,43.00,1,73.90
3375.00,2725,3.25,129.00,596.93,67.00,1,93.21
3376.00,2796,1.76,47.00,617.75,0.00,0,8.98
3377.00,2754,-0.26,100.00,596.93,40.00,1,71.58
3378.00,2761,-0.59,93.00,596.93,34.00,1,66.28
3380.00,2765,-0.35,90.00,596.93,30.00,1,63.61
3385.00,2801,4.81,47.00,617.75,0.00,0,6.88
3386.00,2771,-0.49,89.00,596.93,26.00,1,55.93
3386.00,2804,4.24,45.00,617.75,0.00,0,16.21
3388.00,2739,0.59,128.00,596.93,88.00,1,100.44
3388.00,2806,7.86,41.00,617.75,0.00,0,9.79
3390.00,2740,2.40,127.00,615.10,84.00,1,97.19
3392.00,2737,-0.03,135.00,617.75,88.00,1,101.66
3394.00,2753,-0.07,118.00,615.10,67.00,1,82.90
3395.00,2741,4.21,129.00,617.75,82.00,1,95.04
3395.00,2747,0.07,126.00,596.93,78.00,1,90.53
3396.00,2785,0.85,81.00,615.10,32.00,1,49.47
3397.00,2768,-0.92,104.00,596.93,56.00,1,70.51
3397.00,2792,-0.48,75.00,615.10,27.00,1,49.29
3399.00,2757,-0.83,119.00,617.75,68.00,1,83.50
3399.00,2799,-0.81,69.00,615.10,17.00,2,34.01
3400.00,2788,0.28,82.00,596.93,32.00,1,53.14
3400.00,2814,0.34,51.00,615.10,0.00,0,19.25
3401.00,2770,-0.30,105.00,617.75,55.00,1,75.86
3403.00,2782,1.42,91.00,596.93,35.00,1,49.53
3404.00,2781,-0.39,95.00,617.75,42.00,1,58.67
3405.00,2803,-0.57,70.00,615.10,18.00,1,36.37
3405.00,2816,3.96,50.00,596.93,0.00,0,15.93
3407.00,2817,5.77,49.00,596.93,0.00,0,16.96
3409.00,2836,-0.84,35.00,615.10,0.00,0,5.25
3412.00,2807,-0.33,72.00,617.75,12.00,1,29.87
3412.00,2812,-0.28,66.00,617.75,8.00,1,28.07
3414.00,2815,2.15,62.00,617.75,5.00,1,27.22
3414.00,2838,-0.22,37.00,615.10,0.00,0,5.64
3418.00,2818,7.58,57.00,617.75,0.00,0,19.28
3419.00,2827,-0.13,55.00,617.75,0.00,0,23.89
3421.00,2828,1.68,54.00,617.75,0.00,0,22.52
3422.00,2830,2.30,52.00,617.75,0.00,0,21.93
3427.00,2844,-0.36,43.00,617.75,0.00,0,8.81
3431.00,2847,-0.93,44.00,617.75,0.00,0,7.41
3432.00,2848,0.88,42.00,596.93,0.00,0,8.55
3434.00,2851,-0.69,42.00,596.93,0.00,0,11.53
3434.00,2854,-0.26,38.00,615.10,0.00,0,5.07
3443.00,2865,-0.35,34.00,615.10,0.00,0,4.88
3454.00,2870,-0.30,39.00,596.93,0.00,0,9.62
3458.00,2874,0.94,37.00,617.75,0.00,0,10.85
3465.00,2872,0.32,47.00,596.93,0.00,0,8.55
3469.00,2875,2.75,45.00,617.75,0.00,0,6.66
3473.00,2877,3.37,46.00,617.75,0.00,0,7.87
3474.00,2885,-0.15,41.00,615.10,0.00,0,5.13
3482.00,2895,-0.05,37.00,615.10,0.00,0,6.19
3488.00,2897,0.57,40.00,617.75,0.00,0,7.65
3491.00,2899,1.19,40.00,615.10,0.00,0,5.28
3492.00,2901,1.81,38.00,615.10,0.00,0,7.54
3503.00,2905,0.05,46.00,617.75,0.00,0,7.54
3504.00,2911,-0.09,40.00,596.93,0.00,0,10.56
3505.00,2906,1.86,45.00,617.75,0.00,0,9.66
3510.00,2376,3.56,679.00,596.93,578.00,4,652.38
3513.00,2644,11.64,355.00,615.10,298.00,2,323.40
3514.00,2386,-0.34,675.00,596.93,569.00,4,644.31
3514.00,2569,48.89,408.00,617.75,330.00,2,374.15
3515.00,2600,32.00,389.00,617.75,324.00,2,356.51
3515.00,2661,0.41,348.00,615.10,293.00,2,315.51
3516.00,2404,-0.76,656.00,596.93,551.00,4,626.65
3517.00,2649,8.69,356.00,615.10,295.00,3,321.58
3519.00,2679,0.99,330.00,615.10,272.00,2,297.64
3520.00,2445,-0.55,611.00,596.93,515.00,4,579.28
3520.00,2727,-0.13,275.00,615.10,216.00,2,242.43
3521.00,2655,4.55,357.00,617.75,291.00,3,325.27
3522.00,2455,-0.45,601.00,596.93,504.00,4,572.40
3522.00,2627,26.87,369.00,617.75,302.00,2,328.11
3522.00,2733,-0.27,270.00,615.10,208.00,2,239.71
3524.00,2666,3.46,348.00,617.75,284.00,2,316.05
3524.00,2738,-0.22,266.00,615.10,207.00,2,232.71
3525.00,2749,1.69,252.00,615.10,194.00,2,220.74
3526.00,2422,-0.18,644.00,596.93,532.00,7,611.38
3526.00,2675,-0.25,343.00,617.75,279.00,2,309.88
3527.00,2693,-0.67,323.00,617.75,260.00,2,295.98
3528.00,2447,0.07,616.00,596.93,510.00,5,582.89
3529.00,2752,1.12,253.00,615.10,191.00,2,216.75
3530.00,2489,3.09,565.00,596.93,455.00,5,535.06
3530.00,2748,-0.12,260.00,615.10,195.00,3,226.24
3532.00,2760,1.60,246.00,615.10,185.00,1,214.13
3533.00,2708,-0.52,311.00,617.75,242.00,2,275.10
3534.00,2531,-0.89,523.00,596.93,409.00,5,495.62
3534.00,2709,1.29,309.00,617.75,239.00,2,276.36
3534.00,2769,-0.11,239.00,615.10,184.00,1,204.59
3535.00,2776,-0.44,232.00,615.10,181.00,1,200.07
3536.00,2712,3.72,305.00,617.75,235.00,2,275.18
3537.00,2511,-0.09,549.00,596.93,431.00,4,508.41
3538.00,2764,-0.16,249.00,615.10,183.00,1,219.82
3539.00,2539,0.59,517.00,596.93,396.00,4,484.58
3539.00,2759,-0.21,256.00,615.10,187.00,2,225.86
3540.00,2735,-0.65,286.00,617.75,214.00,2,249.49
3541.00,2556,57.36,442.00,596.93,328.00,3,410.01
3541.00,2821,-0.99,185.00,615.10,139.00,1,155.47
3543.00,2557,59.17,441.00,596.93,328.00,3,415.17
3543.00,2823,2.63,181.00,615.10,133.00,1,155.31
3545.00,2574,43.94,438.00,596.93,326.00,3,406.41
3546.00,2767,-0.73,254.00,617.75,184.00,1,215.47
3547.00,2777,0.37,242.00,617.75,183.00,1,209.56
3547.00,2831,-0.89,179.00,615.10,130.00,1,146.96
3549.00,2711,1.91,321.00,596.93,258.00,2,287.20
3549.00,2779,-0.01,242.00,617.75,182.00,1,207.76
3551.00,2602,35.62,419.00,596.93,328.00,3,386.86
3551.00,2791,-0.29,230.00,617.75,171.00,1,198.67
3552.00,2840,-0.60,173.00,615.10,123.00,1,134.97
3554.00,2719,0.39,318.00,596.93,252.00,2,285.09
3554.00,2797,0.57,225.00,617.75,166.00,1,191.94
3554.00,2843,-0.17,171.00,615.10,112.00,1,141.21
3554.00,2852,-0.88,161.00,615.10,108.00,1,124.89
3555.00,2859,1.79,151.00,615.10,93.00,1,123.50
3556.00,2858,-0.02,155.00,615.10,101.00,1,117.00
3557.00,2862,1.22,150.00,615.10,92.00,1,120.90
3557.00,2879,-0.01,131.00,615.10,80.00,1,97.40
3558.00,2611,33.91,417.00,596.93,330.00,2,381.02
3559.00,2613,34.53,415.00,596.93,330.00,2,383.60
3559.00,2886,-0.34,125.00,615.10,72.00,1,94.52
3561.00,2618,31.58,414.00,596.93,328.00,2,387.64
3561.00,2888,-0.72,125.00,615.10,71.00,1,86.66
3562.00,2866,2.46,149.00,617.75,87.00,1,117.22
3562.00,2898,-0.62,114.00,615.10,60.00,1,76.86
3564.00,2625,26.25,414.00,596.93,328.00,2,381.84
3565.00,2900,0.00,114.00,615.10,59.00,1,74.40
3566.00,2638,15.78,411.00,596.93,327.00,2,382.21
3566.00,2867,3.27,151.00,617.75,87.00,1,118.86
3566.00,2912,-0.28,101.00,615.10,49.00,1,69.28
3567.00,2891,-0.29,127.00,617.75,62.00,1,95.44
3568.00,2918,-0.42,96.00,615.10,41.00,1,62.47
3570.00,2662,2.22,400.00,596.93,314.00,2,366.23
3571.00,2908,-0.52,111.00,615.10,45.00,1,81.33
3572.00,2896,-0.24,126.00,617.75,59.00,1,90.51
3573.00,2665,1.65,400.00,596.93,312.00,2,363.31
3574.00,2915,-0.85,106.00,615.10,40.00,1,73.84
3575.00,2822,0.82,216.00,596.93,154.00,2,183.67
3578.00,2678,-0.82,392.00,596.93,302.00,3,361.56
3578.00,2932,-0.08,89.00,617.75,21.00,1,54.84
3579.00,2941,23.21,56.00,617.75,0.00,0,24.49
3582.00,2950,17.50,54.00,615.10,0.00,0,19.16
3583.00,2789,-0.91,265.00,596.93,186.00,3,231.76
3583.00,2928,-0.32,99.00,615.10,31.00,2,68.19
3584.00,2690,-0.10,383.00,596.93,290.00,3,352.76
3585.00,2952,18.12,54.00,615.10,3.00,1,23.11
3586.00,2962,10.22,51.00,617.75,0.00,0,14.89
3587.00,2703,-0.57,371.00,596.93,279.00,3,338.61
3588.00,2969,6.89,48.00,617.75,0.00,0,17.95
3589.00,2949,14.69,65.00,615.10,3.00,1,29.48
3589.00,2974,5.94,44.00,617.75,0.00,0,12.16
3591.00,2980,1.80,43.00,617.75,0.00,0,10.70
3591.00,2981,3.61,40.00,615.10,0.00,0,11.99
3592.00,2715,2.15,359.00,596.93,257.00,2,324.20
3592.00,2953,17.93,60.00,615.10,2.00,1,21.79
3593.00,2756,-0.64,314.00,596.93,213.00,3,282.92
3595.00,2744,-0.36,330.00,596.93,233.00,3,298.14
3595.00,2986,-0.34,42.00,617.75,0.00,0,13.21
3596.00,2786,-0.34,281.00,586.83,183.00,1,251.36
3598.00,2992,-0.48,38.00,615.10,0.00,0,5.46
3600.00,2795,-0.05,274.00,596.93,179.00,2,243.09
3605.00,2994,0.14,42.00,617.75,0.00,0,7.57
3606.00,3001,-0.19,35.00,615.10,0.00,0,5.57
3607.00,2904,-0.76,152.00,596.93,62.00,1,119.34
3609.00,2849,-0.31,219.00,596.93,123.00,2,177.31
3610.00,2869,2.89,193.00,596.93,97.00,1,161.23
3611.00,2835,-0.65,238.00,596.93,152.00,4,207.72
3613.00,2863,3.03,203.00,596.93,110.00,4,173.44
3619.00,2639,-0.41,479.00,596.93,426.00,2,449.16
3619.00,2710,-0.90,395.00,615.10,343.00,2,365.74
3619.00,3002,1.62,45.00,617.75,0.00,0,6.79
3621.00,2593,-0.67,536.00,617.75,468.00,3,501.50
3621.00,2641,3.21,475.00,596.93,423.00,2,443.83
3623.00,2605,-0.95,524.00,617.75,456.00,3,494.68
3623.00,2645,1.45,474.00,596.93,421.00,2,447.33
3623.00,2706,-0.14,403.00,615.10,341.00,3,368.53
3624.00,2629,1.49,494.00,617.75,424.00,2,462.86
3627.00,2713,-0.47,399.00,605.00,338.00,2,362.00
3628.00,2773,0.13,328.00,596.93,265.00,2,299.87
3630.00,2810,9.10,277.00,617.75,233.00,1,247.06
3632.00,2774,1.94,329.00,596.93,261.00,2,298.42
3632.00,2820,6.20,270.00,615.10,222.00,1,235.16
3634.00,2833,2.73,260.00,615.10,212.00,1,225.62
3635.00,2775,3.75,329.00,596.93,259.00,2,298.34
3635.00,2861,1.41,229.00,615.10,180.00,2,198.94
3636.00,2790,-0.10,316.00,596.93,246.00,2,288.60
3636.00,2825,3.25,271.00,617.75,221.00,1,234.29
3638.00,2832,0.92,267.00,617.75,218.00,1,230.40
3639.00,2798,2.38,307.00,596.93,238.00,1,277.94
3639.00,2864,0.84,230.00,617.75,180.00,1,199.58
3640.00,2884,4.04,204.00,615.10,152.00,1,165.11
3641.00,2883,2.23,208.00,615.10,151.00,2,172.83
3643.00,2868,-0.92,231.00,617.75,177.00,1,194.93
3643.00,2910,-0.90,181.00,615.10,127.00,1,157.12
3644.00,2800,3.00,309.00,596.93,237.00,1,273.96
3644.00,2917,-0.23,173.00,615.10,121.00,1,141.29
3646.00,2922,-0.18,169.00,615.10,117.00,1,137.40
3647.00,2938,1.78,149.00,615.10,100.00,1,117.17
3648.00,2805,6.05,304.00,596.93,237.00,1,265.61
3648.00,2880,-0.20,221.00,617.75,164.00,1,184.34
3649.00,2878,-0.82,225.00,617.75,166.00,1,181.06
3649.00,2937,-0.03,154.00,615.10,99.00,2,122.28
3649.00,2971,-0.49,114.00,615.10,64.00,1,87.34
3650.00,2808,8.48,300.00,596.93,236.00,1,268.08
3650.00,2882,0.42,220.00,617.75,163.00,1,186.74
3651.00,2914,-0.66,184.00,617.75,129.00,1,150.04
3651.00,2966,-0.54,122.00,615.10,69.00,1,87.65
3652.00,2813,8.53,296.00,596.93,235.00,1,261.37
3652.00,2948,-0.12,144.00,615.10,93.00,1,115.76
3653.00,2819,4.39,294.00,596.93,234.00,1,261.75
3653.00,2979,-0.01,108.00,615.10,58.00,1,73.72
3655.00,3005,-0.95,80.00,615.10,26.00,1,44.74
3656.00,2924,0.44,176.00,617.75,119.00,1,135.84
3657.00,2829,1.49,289.00,596.93,231.00,1,254.02
3657.00,3011,-0.09,74.00,615.10,20.00,1,44.09
3658.00,2956,-0.64,141.00,617.75,86.00,1,111.28
3659.00,2837,0.97,282.00,596.93,224.00,1,250.37
3659.00,2961,-0.59,136.00,617.75,81.00,1,105.15
3659.00,3026,-0.94,59.00,615.10,6.00,1,25.57
3661.00,2839,1.59,281.00,596.93,223.00,1,249.25
3661.00,2967,1.27,129.00,617.75,73.00,1,96.94
3663.00,2841,2.21,280.00,596.93,222.00,1,247.87
3663.00,2978,-0.82,120.00,617.75,66.00,1,88.58
3664.00,3017,-0.23,74.00,615.10,18.00,1,40.19
3666.00,3043,-0.17,45.00,615.10,0.00,0,11.44
3667.00,2846,-0.74,281.00,596.93,220.00,1,245.44
3669.00,3023,-0.37,72.00,617.75,15.00,1,34.88
3671.00,2853,-0.07,276.00,596.93,214.00,1,239.48
3671.00,3044,1.64,47.00,617.75,0.00,0,12.59
3672.00,2860,-0.40,269.00,596.93,208.00,1,240.34
3675.00,2890,-0.10,236.00,596.93,174.00,1,200.06
3677.00,2996,-0.24,112.00,596.93,58.00,1,81.38
3678.00,2903,-0.57,224.00,596.93,159.00,1,193.82
3679.00,3060,-0.40,38.00,615.10,0.00,0,5.77
3685.00,2907,-0.33,226.00,596.93,156.00,1,187.63
3686.00,2935,-0.65,194.00,596.93,125.00,1,164.79
3689.00,3061,1.41,45.00,617.75,0.00,0,7.41
3690.00,2946,-0.74,185.00,596.93,113.00,1,148.45
3690.00,3062,3.22,43.00,617.75,0.00,0,12.45
3692.00,2958,-0.02,172.00,596.93,99.00,1,135.82
3693.00,2993,-0.67,132.00,596.93,58.00,1,103.94
3693.00,3064,3.84,43.00,615.10,0.00,0,5.17
3695.00,3053,-0.07,62.00,596.93,0.00,0,30.90
3698.00,3070,-0.30,45.00,617.75,0.00,0,7.84
3699.00,3057,-0.83,62.00,596.93,0.00,0,27.22
3700.00,3076,-0.44,40.00,617.75,0.00,0,8.11
3710.00,3085,-0.15,39.00,617.75,0.00,0,8.70
3720.00,3088,-0.72,46.00,617.75,0.00,0,8.38
3720.00,3092,0.52,40.00,596.93,0.00,0,9.15
3722.00,3090,-0.10,45.00,617.75,0.00,0,15.24
3725.00,3094,1.14,42.00,617.75,0.00,0,7.61
3726.00,3099,1.19,37.00,615.10,0.00,0,5.54
3728.00,3098,-0.62,42.00,617.75,0.00,0,8.60
3733.00,3101,1.81,41.00,617.75,0.00,0,7.03
3735.00,3104,1.24,40.00,617.75,0.00,0,8.21
3739.00,3105,3.05,41.00,617.75,0.00,0,8.48
3741.00,3112,-0.28,38.00,615.10,0.00,0,6.04
3750.00,2916,-0.04,280.00,615.10,236.00,1,246.50
3750.00,2920,-0.80,276.00,617.75,231.00,1,244.91
3751.00,2926,-0.94,270.00,615.10,224.00,1,238.19
3752.00,2955,-0.45,236.00,615.10,186.00,1,207.16
3753.00,2945,-0.55,249.00,596.93,202.00,1,214.20
3753.00,2968,-0.92,222.00,605.00,178.00,1,192.06
3754.00,2960,-0.40,232.00,596.93,187.00,1,202.55
3756.00,2976,1.56,213.00,615.10,163.00,1,180.22
3757.00,2921,1.01,280.00,617.75,226.00,1,239.46
3757.00,2927,0.87,273.00,617.75,222.00,1,239.15
3757.00,2963,-0.97,232.00,596.93,184.00,1,200.07
3758.00,3000,2.00,186.00,615.10,133.00,1,151.32
3759.00,2939,-0.41,262.00,617.75,212.00,1,234.16
3760.00,3007,5.67,176.00,615.10,123.00,1,141.53
3761.00,2975,-0.25,221.00,596.93,169.00,1,185.81
3762.00,3033,-0.27,153.00,615.10,101.00,1,118.89
3763.00,2940,1.40,263.00,617.75,210.00,1,227.79
3763.00,2982,-0.58,215.00,596.93,165.00,1,181.54
3764.00,2965,-0.35,236.00,617.75,184.00,1,204.79
3764.00,3040,1.40,145.00,615.10,93.00,1,109.61
3765.00,2987,-0.53,211.00,596.93,159.00,1,178.76
3765.00,3054,-0.26,131.00,615.10,79.00,1,101.07
3766.00,2970,-0.30,232.00,617.75,180.00,1,201.47
3768.00,2990,-0.10,210.00,596.93,156.00,1,177.45
3768.00,3078,-0.82,106.00,615.10,54.00,1,69.51
3769.00,2973,-0.87,232.00,617.75,178.00,1,199.45
3770.00,3079,0.99,105.00,615.10,51.00,1,71.47
3771.00,2991,1.71,210.00,617.75,157.00,1,180.33
3771.00,2997,-0.43,205.00,596.93,148.00,1,171.13
3772.00,3082,3.42,101.00,615.10,47.00,1,67.36
3773.00,3095,-0.05,90.00,615.10,38.00,1,64.47
3774.00,3003,1.43,199.00,596.93,140.00,1,164.01
3775.00,2999,0.19,206.00,617.75,148.00,1,170.13
3775.00,3108,2.48,74.00,615.10,23.00,1,46.25
3776.00,3004,3.24,198.00,596.93,140.00,1,168.87
3776.00,3114,0.34,70.00,615.10,19.00,1,35.33
3777.00,3006,3.86,196.00,617.75,140.00,1,162.41
3778.00,3018,0.58,186.00,596.93,128.00,1,154.26
3778.00,3116,0.96,69.00,615.10,14.00,1,34.95
3779.00,3016,-0.04,190.00,617.75,132.00,1,159.10
3779.00,3028,-0.32,176.00,596.93,120.00,1,147.37
3782.00,3039,-0.41,166.00,596.93,107.00,1,135.45
3784.00,3031,-0.89,178.00,617.75,115.00,1,140.56
3784.00,3127,-0.13,63.00,615.10,8.00,1,22.02
3785.00,3034,1.54,173.00,617.75,112.00,1,138.26
3785.00,3046,1.26,159.00,596.93,101.00,1,127.24
3785.00,3128,1.68,61.00,615.10,4.00,1,24.02
3787.00,3045,-0.55,164.00,617.75,104.00,1,133.54
3787.00,3065,-0.35,140.00,596.93,79.00,1,109.83
3788.00,3083,5.23,114.00,617.75,54.00,1,85.11
3789.00,3068,-0.92,139.00,596.93,78.00,1,109.77
3792.00,3069,0.89,139.00,596.93,77.00,1,108.00
3792.00,3107,1.67,93.00,617.75,31.00,1,59.44
3793.00,3072,0.32,137.00,596.93,76.00,1,110.15
3794.00,3111,1.91,90.00,617.75,28.00,1,59.88
3798.00,3075,-0.25,139.00,596.93,73.00,1,106.79
3800.00,3081,1.61,132.00,596.93,66.00,1,99.61
3801.00,3121,-0.99,88.00,617.75,18.00,1,46.42
3801.00,3123,-0.37,85.00,617.75,17.00,1,50.95
3802.00,3096,1.76,116.00,596.93,50.00,1,83.89
3802.00,3160,3.60,38.00,615.10,0.00,0,6.73
3803.00,3149,6.69,49.00,617.75,0.00,0,22.16
3804.00,3155,4.55,45.00,617.75,0.00,0,12.24
3805.00,3106,-0.14,109.00,596.93,42.00,1,76.73
3807.00,3129,3.49,80.00,596.93,12.00,1,48.38
3807.00,3157,5.17,45.00,617.75,0.00,0,12.15
3809.00,3164,1.84,42.00,615.10,0.00,0,6.81
3810.00,3130,5.30,80.00,596.93,12.00,1,47.80
3810.00,3166,2.46,40.00,615.10,0.00,0,10.20
3812.00,3131,7.11,79.00,596.93,9.00,1,48.36
3815.00,3135,5.35,79.00,596.93,8.00,1,46.68
3816.00,3168,3.08,43.00,617.75,0.00,0,7.36
3816.00,3176,-0.44,37.00,615.10,0.00,0,6.04
3819.00,3137,5.97,80.00,596.93,6.00,1,45.23
3820.00,3139,6.59,78.00,596.93,6.00,1,47.68
3823.00,3142,6.02,78.00,596.93,2.00,1,46.31
3824.00,3143,7.83,76.00,596.93,1.00,1,46.24
3825.00,3187,-0.53,33.00,615.10,0.00,0,5.81
3826.00,3147,6.07,75.00,596.93,0.00,0,45.90
3835.00,3151,6.31,79.00,596.93,0.00,0,39.81
3835.00,3189,0.09,40.00,615.10,0.00,0,6.79
3836.00,3180,-0.20,52.00,596.93,0.00,0,16.77
3839.00,3196,1.76,34.00,615.10,0.00,0,7.28
3840.00,3191,0.71,42.00,596.93,0.00,0,9.20
3843.00,3203,-0.57,32.00,615.10,0.00,0,5.42
3844.00,3194,1.14,42.00,617.75,0.00,0,7.32
3857.00,3208,-0.52,40.00,617.75,0.00,0,8.27
3866.00,3008,-0.52,287.00,617.75,243.00,1,256.71
3866.00,3010,0.10,284.00,615.10,239.00,1,252.59
3867.00,3030,2.30,259.00,615.10,210.00,1,231.68
3868.00,2933,-0.27,378.00,596.93,271.00,2,352.30
3868.00,3012,0.72,283.00,617.75,239.00,1,253.97
3869.00,3035,-0.65,258.00,615.10,209.00,1,225.74
3870.00,2893,-0.67,428.00,596.93,322.00,4,387.48
3871.00,3024,3.44,269.00,617.75,222.00,1,236.45
3871.00,3038,-0.22,256.00,615.10,205.00,2,226.96
3872.00,2964,9.84,335.00,596.93,245.00,1,300.92
3874.00,3029,0.49,269.00,617.75,220.00,1,234.50
3874.00,3051,3.31,240.00,615.10,188.00,1,206.02
3875.00,2972,5.32,333.00,596.93,243.00,1,296.60
3875.00,3041,-0.79,257.00,615.10,204.00,1,223.25
3878.00,2989,-0.91,322.00,596.93,242.00,1,285.47
3878.00,3047,-0.93,253.00,617.75,203.00,1,218.08
3878.00,3073,-0.87,222.00,615.10,171.00,1,183.60
3879.00,2995,1.95,313.00,596.93,241.00,1,282.48
3879.00,3077,-0.63,218.00,615.10,165.00,1,186.65
3881.00,3049,-0.31,253.00,617.75,199.00,1,219.44
3881.00,3097,-0.43,196.00,615.10,143.00,1,163.48
3882.00,3020,-0.80,289.00,596.93,237.00,1,255.55
3882.00,3109,-0.71,183.00,605.00,132.00,1,151.65
3884.00,3055,1.55,247.00,617.75,195.00,1,215.29
3884.00,3120,0.20,171.00,615.10,115.00,1,139.55
3884.00,3163,-0.97,121.00,615.10,70.00,1,96.42
3885.00,3021,1.01,289.00,596.93,233.00,1,253.49
3886.00,3165,-0.35,120.00,615.10,71.00,1,89.31
3887.00,3022,2.82,288.00,596.93,232.00,1,254.97
3887.00,3056,2.36,248.00,617.75,192.00,1,212.41
3889.00,3186,1.66,96.00,615.10,44.00,1,61.41
3890.00,3050,1.50,259.00,596.93,204.00,1,225.33
3890.00,3063,3.03,242.00,617.75,187.00,1,206.28
3891.00,3209,-0.71,73.00,605.00,21.00,1,37.00
3892.00,3066,1.46,242.00,617.75,186.00,1,208.65
3893.00,3058,2.98,251.00,586.83,192.00,1,215.33
3896.00,2647,2.07,744.00,596.93,687.00,3,715.59
3897.00,2721,-0.99,660.00,605.00,596.00,3,629.28
3899.00,2636,-0.84,763.00,617.75,691.00,3,730.19
3900.00,2732,0.92,648.00,615.10,582.00,3,615.01
3901.00,2667,-0.73,728.00,596.93,665.00,3,694.39
3902.00,2652,5.12,741.00,617.75,675.00,3,707.82
3904.00,2658,1.98,739.00,617.75,671.00,3,707.92
3904.00,2742,-0.98,642.00,615.10,573.00,3,605.55
3905.00,2750,-0.50,633.00,615.10,561.00,3,605.06
3907.00,2755,-0.45,629.00,615.10,559.00,3,596.94
3908.00,2669,2.89,729.00,596.93,656.00,3,696.41
3908.00,2758,-0.02,626.00,615.10,554.00,3,592.66
3909.00,2664,-0.16,739.00,617.75,667.00,3,700.35
3909.00,2668,1.08,733.00,596.93,659.00,3,689.61
3911.00,2677,-0.63,726.00,617.75,654.00,3,694.22
3911.00,2680,-0.20,722.00,596.93,649.00,3,687.21
3912.00,2687,-0.53,715.00,617.75,644.00,3,682.97
3912.00,2700,0.00,699.00,596.93,628.00,3,666.18
3912.00,2763,0.03,624.00,615.10,551.00,3,585.81
3914.00,2688,0.28,715.00,617.75,640.00,3,682.15
3914.00,2704,-0.76,697.00,596.93,623.00,3,666.62
3914.00,2780,-0.20,606.00,615.10,537.00,2,573.43
3915.00,2809,-0.71,573.00,615.10,507.00,2,537.81
3916.00,2691,-0.29,714.00,617.75,638.00,3,680.54
3917.00,2834,-0.46,545.00,615.10,478.00,2,514.13
3918.00,2698,-0.62,708.00,617.75,634.00,3,678.13
3918.00,2722,-0.18,679.00,596.93,601.00,3,645.36
3918.00,2850,-0.50,527.00,615.10,460.00,2,494.31
3920.00,2728,-0.32,674.00,596.93,596.00,3,642.25
3920.00,2873,-0.87,502.00,615.10,439.00,2,468.47
3922.00,2729,1.49,673.00,596.93,593.00,3,641.53
3923.00,2762,-0.78,637.00,617.75,558.00,3,601.48
3925.00,2894,0.14,481.00,615.10,414.00,3,451.66
3926.00,2802,-0.38,592.00,617.75,522.00,2,556.68
3926.00,2892,-0.48,485.00,615.10,413.00,2,441.12
3927.00,2842,-0.98,546.00,617.75,476.00,2,513.67
3927.00,2902,-0.38,474.00,615.10,408.00,2,441.62
3929.00,2772,-0.68,631.00,596.93,544.00,3,591.85
3929.00,2778,-0.82,624.00,596.93,540.00,3,594.13
3929.00,2855,-0.45,532.00,617.75,461.00,2,499.27
3929.00,2909,-0.71,468.00,615.10,400.00,2,434.81
3931.00,2913,-0.47,465.00,615.10,399.00,2,431.60
3932.00,2923,-0.37,454.00,615.10,383.00,2,424.55
3933.00,2811,-0.09,588.00,596.93,515.00,2,551.89
3933.00,2959,-0.21,412.00,615.10,345.00,2,384.96
3934.00,2824,-0.56,574.00,596.93,502.00,2,543.14
3934.00,2857,1.17,533.00,617.75,460.00,2,503.02
3934.00,2934,-0.46,443.00,615.10,374.00,2,413.31
3936.00,2936,0.16,442.00,615.10,373.00,2,407.23
3937.00,2826,0.06,574.00,596.93,499.00,2,540.62
3937.00,2983,-0.77,388.00,615.10,320.00,2,354.16
3938.00,2845,-0.55,553.00,596.93,479.00,2,524.28
3938.00,2871,-0.49,522.00,617.75,446.00,2,486.06
3939.00,2856,0.36,540.00,617.75,461.00,2,493.73
3939.00,2998,-0.62,372.00,615.10,305.00,2,341.58
3940.00,2876,-0.44,518.00,596.93,444.00,2,487.72
3940.00,3014,-0.66,354.00,615.10,288.00,2,323.60
3941.00,2881,-0.39,513.00,617.75,436.00,2,479.98
3942.00,3027,-0.13,340.00,615.10,271.00,2,307.39
3943.00,2887,-0.53,508.00,596.93,432.00,2,476.55
3944.00,3036,-0.84,332.00,615.10,264.00,2,297.15
3945.00,2889,0.09,507.00,617.75,426.00,2,467.42
3945.00,3042,-0.98,326.00,615.10,257.00,2,295.11
3946.00,2919,-0.61,473.00,617.75,396.00,2,437.01
3947.00,2925,0.25,466.00,596.93,385.00,3,431.70
3947.00,3093,0.33,266.00,615.10,213.00,1,235.88
3948.00,2929,-0.51,463.00,617.75,383.00,2,429.40
3948.00,3103,-0.57,256.00,615.10,203.00,1,227.10
3952.00,2943,0.83,449.00,617.75,366.00,2,416.70
3952.00,3124,-0.56,235.00,615.10,181.00,1,197.04
3953.00,2931,0.11,465.00,596.93,382.00,2,424.13
3953.00,2942,-0.98,453.00,615.10,370.00,2,417.01
3954.00,2951,-0.69,443.00,596.93,361.00,2,415.12
3955.00,2930,-0.70,469.00,617.75,383.00,2,425.00
3956.00,2944,1.64,451.00,617.75,367.00,2,416.82
3956.00,2957,-0.83,438.00,596.93,355.00,2,406.75
3958.00,2947,0.07,451.00,617.75,365.00,2,415.85
3959.00,2985,0.85,406.00,596.93,322.00,2,370.63
3959.00,3156,-0.64,204.00,617.75,147.00,1,174.94
3965.00,3113,1.53,259.00,596.93,218.00,1,228.21
3967.00,3115,2.15,258.00,617.75,212.00,1,223.87
3967.00,3132,-0.08,240.00,615.10,195.00,1,206.16
3968.00,3117,2.77,256.00,596.93,212.00,1,224.03
3968.00,3138,-0.22,234.00,615.10,183.00,1,202.12
3970.00,3125,-0.75,252.00,617.75,204.00,1,216.63
3970.00,3158,-0.02,212.00,615.10,162.00,1,177.66
3972.00,3148,-0.12,226.00,617.75,179.00,1,194.56
3972.00,3201,-0.19,163.00,615.10,110.00,1,128.00
3973.00,3145,-0.55,231.00,596.93,180.00,1,194.85
3974.00,3162,-0.78,212.00,615.10,162.00,1,177.59
3974.00,3171,-0.49,201.00,596.93,154.00,1,172.16
3974.00,3205,-0.95,161.00,615.10,106.00,1,126.92
3975.00,3229,1.49,131.00,615.10,79.00,1,98.20
3979.00,3172,1.32,203.00,617.75,150.00,1,165.36
3979.00,3177,1.37,197.00,596.93,143.00,1,159.87
3979.00,3231,5.11,129.00,615.10,78.00,1,90.12
3980.00,3175,0.75,201.00,617.75,148.00,1,172.26
3981.00,3206,0.86,165.00,596.93,111.00,1,131.56
3981.00,3241,-0.79,125.00,615.10,75.00,1,96.52
3982.00,3179,1.99,197.00,617.75,145.00,1,167.25
3983.00,3218,-0.42,154.00,596.93,102.00,1,126.82
3983.00,3257,-0.83,108.00,615.10,55.00,1,73.74
3984.00,3211,0.91,162.00,596.93,106.00,1,126.21
3984.00,3262,2.22,100.00,615.10,49.00,1,65.83
3986.00,3188,-0.72,193.00,617.75,136.00,1,155.26
3986.00,3230,3.30,139.00,596.93,85.00,1,112.31
3986.00,3309,0.29,48.00,615.10,0.00,0,14.46
3988.00,3207,2.67,169.00,617.75,113.00,1,133.02
3988.00,3274,-0.06,92.00,596.93,41.00,1,62.50
3989.00,3261,0.41,108.00,615.10,51.00,1,69.57
3991.00,3219,1.39,159.00,617.75,102.00,1,121.00
3991.00,3321,-0.99,40.00,615.10,0.00,0,8.91
3992.00,3281,-0.39,88.00,596.93,34.00,1,56.64
3995.00,3223,-0.37,160.00,617.75,99.00,1,118.11
3995.00,3228,-0.32,154.00,617.75,97.00,1,124.29
3995.00,3307,-0.33,60.00,596.93,3.00,1,25.90
3997.00,3235,3.35,144.00,617.75,86.00,1,111.27
3997.00,3318,-0.42,49.00,596.93,0.00,0,16.18
3997.00,3328,-0.32,37.00,615.10,0.00,0,6.90
3999.00,3245,-0.55,138.00,607.65,79.00,1,102.85
4000.00,3247,-0.93,137.00,617.75,78.00,1,106.21
4003.00,3260,-0.40,124.00,617.75,65.00,1,90.01
4003.00,3334,-0.46,36.00,615.10,0.00,0,5.40
4005.00,3271,-0.49,113.00,617.75,54.00,1,79.00
4007.00,3273,-0.87,113.00,617.75,52.00,1,82.25
4011.00,3275,1.75,112.00,617.75,48.00,1,76.36
4013.00,3277,1.37,112.00,617.75,48.00,1,77.57
4015.00,3339,-0.41,42.00,615.10,0.00,0,5.43
4015.00,3342,-0.98,39.00,596.93,0.00,0,10.23
4019.00,3292,-0.48,102.00,617.75,38.00,1,71.88
4020.00,3344,-0.36,41.00,596.93,0.00,0,9.57
4021.00,3284,-0.96,114.00,617.75,43.00,1,68.31
4022.00,3287,-0.53,111.00,617.75,41.00,1,69.43
4023.00,3296,-0.24,101.00,617.75,34.00,1,67.05
4025.00,3349,-0.31,40.00,615.10,0.00,0,5.19
4028.00,3297,-0.43,105.00,617.75,32.00,1,67.37
4029.00,3302,-0.38,100.00,617.75,30.00,1,66.47
4031.00,3322,0.82,77.00,617.75,8.00,1,45.42
4036.00,3226,-0.94,198.00,615.10,155.00,1,169.54
4039.00,3234,-0.46,191.00,607.65,145.00,1,156.86
4039.00,3250,1.50,170.00,615.10,122.00,1,137.73
4040.00,3214,-0.66,216.00,596.93,168.00,1,182.28
4041.00,3210,0.10,221.00,615.10,168.00,1,181.23
4041.00,3249,-0.31,175.00,617.75,129.00,1,144.82
4041.00,3258,6.98,157.00,615.10,110.00,1,127.19
4042.00,3255,4.55,164.00,617.75,118.00,1,133.47
4042.00,3263,4.03,155.00,615.10,108.00,2,124.86
4044.00,3221,-0.99,212.00,596.93,162.00,1,176.30
4045.00,3236,-0.84,195.00,596.93,147.00,1,166.18
4045.00,3256,6.36,164.00,617.75,116.00,1,132.60
4046.00,3268,4.08,153.00,615.10,104.00,1,116.53
4047.00,3252,2.12,175.00,596.93,127.00,1,144.13
4048.00,3323,-0.37,94.00,615.10,43.00,1,59.95
4049.00,3254,2.74,174.00,596.93,124.00,1,142.34
4049.00,3333,-0.27,83.00,615.10,31.00,1,50.03
4050.00,3265,4.65,160.00,617.75,107.00,1,124.29
4050.00,3270,4.70,154.00,615.10,103.00,1,121.59
4051.00,3272,5.32,152.00,596.93,100.00,1,120.95
4051.00,3338,-0.22,79.00,615.10,27.00,1,45.02
4054.00,3282,0.42,148.00,617.75,94.00,1,111.55
4055.00,3340,0.40,80.00,615.10,25.00,1,40.63
4056.00,3362,1.22,54.00,615.10,0.00,0,19.83
4057.00,3363,3.03,52.00,605.00,1.00,1,21.12
4058.00,3280,-0.20,155.00,596.93,97.00,1,116.69
4060.00,3298,-0.62,136.00,617.75,76.00,1,94.42
4060.00,3346,-0.74,79.00,615.10,23.00,1,44.49
4060.00,3372,1.32,46.00,615.10,0.00,0,7.49
4061.00,3285,-0.15,152.00,596.93,94.00,1,113.30
4061.00,3314,-0.66,118.00,617.75,60.00,1,80.17
4062.00,3365,3.65,54.00,615.10,0.00,0,19.54
4063.00,3300,0.00,136.00,596.93,78.00,1,101.39
4063.00,3351,-0.69,76.00,617.75,19.00,1,42.58
4064.00,3311,-0.09,124.00,596.93,67.00,1,90.37
4064.00,3358,0.98,67.00,617.75,12.00,1,35.77
4066.00,3320,-0.80,116.00,596.93,60.00,1,83.84
4068.00,3353,-0.07,78.00,596.93,20.00,1,49.94
4068.00,3373,3.13,51.00,617.75,0.00,0,16.67
4069.00,3357,-0.83,75.00,596.93,18.00,1,46.34
4070.00,3378,0.18,50.00,617.75,0.00,0,15.37
4072.00,3383,-0.77,47.00,617.75,0.00,0,16.50
4077.00,3360,0.60,78.00,596.93,13.00,1,39.51
4077.00,3393,-0.67,40.00,617.75,0.00,0,7.42
4079.00,3370,0.70,68.00,586.83,4.00,1,30.08
4094.00,3406,-0.14,41.00,596.93,0.00,0,8.67
4095.00,3407,1.67,39.00,617.75,0.00,0,9.03
4102.00,3415,-0.85,39.00,617.75,0.00,0,8.00
4104.00,3416,0.96,38.00,596.93,0.00,0,9.43
4104.00,3417,2.77,35.00,615.10,0.00,0,6.37
4116.00,3216,0.96,288.00,615.10,233.00,2,258.64
4117.00,3059,4.79,472.00,596.93,411.00,2,437.56
4117.00,3084,-0.96,448.00,617.75,390.00,2,415.44
4119.00,3086,-0.34,447.00,596.93,386.00,2,419.45
4120.00,3118,-0.42,410.00,596.93,349.00,2,384.75
4121.00,3087,1.47,446.00,617.75,385.00,2,412.72
4123.00,3251,-0.69,255.00,615.10,202.00,1,213.90
4125.00,3141,-0.79,388.00,596.93,322.00,2,353.06
4125.00,3264,-0.16,241.00,615.10,189.00,1,208.59
4126.00,3102,-0.38,435.00,617.75,367.00,2,395.39
4126.00,3279,0.99,223.00,615.10,169.00,1,188.10
4127.00,3146,-0.74,384.00,596.93,317.00,2,354.44
4128.00,3110,0.10,427.00,617.75,360.00,2,396.26
4128.00,3294,1.14,207.00,615.10,155.00,1,174.91
4129.00,3304,-0.76,198.00,615.10,145.00,1,169.87
4130.00,3122,1.82,413.00,607.65,345.00,2,376.30
4132.00,2988,0.28,576.00,596.93,490.00,3,547.76
4136.00,2954,-0.26,621.00,617.75,533.00,4,584.87
4137.00,3184,2.04,346.00,596.93,270.00,4,312.73
4138.00,2977,-0.63,596.00,617.75,506.00,4,560.76
4141.00,2984,1.04,589.00,617.75,496.00,3,553.34
4141.00,3019,-0.61,549.00,596.93,454.00,3,513.50
4141.00,3170,1.70,367.00,615.10,288.00,2,327.15
4142.00,3169,-0.11,371.00,615.10,288.00,2,335.20
4143.00,3009,-0.71,563.00,617.75,468.00,3,529.28
4143.00,3212,105.72,215.00,615.10,153.00,1,180.66
4145.00,3032,-0.08,537.00,596.93,440.00,3,499.44
4145.00,3190,104.90,244.00,617.75,179.00,2,210.63
4145.00,3213,106.53,215.00,615.10,152.00,1,186.94
4146.00,3052,-0.88,515.00,596.93,428.00,2,483.08
4147.00,3013,-0.47,562.00,617.75,462.00,5,531.22
4147.00,3217,104.77,214.00,615.10,153.00,2,177.78
4148.00,3015,1.15,559.00,617.75,459.00,3,531.22
4148.00,3067,-0.73,499.00,596.93,415.00,2,471.51
4148.00,3224,102.44,209.00,615.10,151.00,1,178.23
4149.00,3071,-0.49,495.00,596.93,411.00,2,467.73
4150.00,3225,105.25,207.00,615.10,151.00,1,174.17
4151.00,3074,-0.06,493.00,596.93,407.00,2,464.88
4151.00,3232,100.92,204.00,615.10,150.00,1,173.74
4152.00,3237,100.97,199.00,615.10,149.00,1,171.11
4153.00,3140,-0.60,417.00,617.75,330.00,2,384.11
4155.00,3159,-0.21,396.00,617.75,310.00,2,363.49
4160.00,3366,0.46,154.00,615.10,108.00,1,121.31
4160.00,3377,3.37,138.00,615.10,93.00,2,110.67
4162.00,3327,-0.13,203.00,617.75,130.00,2,167.33
4162.00,3375,-0.25,146.00,596.93,100.00,1,114.68
4163.00,3386,-0.34,134.00,615.10,87.00,1,104.22
4164.00,3364,-0.16,161.00,617.75,114.00,1,125.00
4164.00,3384,-0.96,138.00,615.10,91.00,1,105.47
4165.00,3359,-0.21,168.00,615.10,115.00,1,125.60
4166.00,3376,1.56,147.00,596.93,98.00,1,112.83
4166.00,3424,1.44,90.00,615.10,38.00,1,60.19
4167.00,3404,2.24,114.00,596.93,67.00,1,84.23
4167.00,3428,5.68,82.00,615.10,31.00,1,50.49
4170.00,3397,1.57,126.00,617.75,76.00,1,94.31
4170.00,3458,-0.02,55.00,615.10,4.00,1,19.69
4171.00,3396,-0.24,130.00,617.75,77.00,1,89.89
4172.00,3462,0.22,52.00,615.10,1.00,1,17.58
4173.00,3469,-0.11,45.00,615.10,0.00,0,13.18
4174.00,3401,-0.19,127.00,617.75,73.00,1,91.49
4175.00,3403,0.43,125.00,617.75,73.00,1,97.11
4176.00,3435,2.35,86.00,615.10,31.00,1,48.15
4177.00,3427,3.87,95.00,596.93,36.00,1,51.08
4178.00,3412,-0.28,118.00,617.75,65.00,1,82.30
4178.00,3439,2.59,83.00,596.93,28.00,1,47.20
4179.00,3414,-0.66,117.00,617.75,65.00,1,83.21
4184.00,3418,-0.42,117.00,617.75,61.00,1,79.82
4185.00,3423,-0.37,112.00,617.75,57.00,1,80.79
4189.00,3425,3.25,110.00,617.75,53.00,1,71.94
4189.00,3490,-0.10,36.00,615.10,0.00,0,5.37
4191.00,3430,6.30,103.00,617.75,45.00,1,69.52
4194.00,3436,4.16,101.00,617.75,42.00,1,63.03
4195.00,3441,3.21,97.00,617.75,37.00,1,68.10
4196.00,3492,0.52,40.00,596.93,0.00,0,8.60
4200.00,3454,-0.26,90.00,617.75,26.00,1,52.93
4201.00,3449,-0.31,97.00,615.10,53.00,1,66.74
4202.00,3426,-0.94,126.00,617.75,79.00,1,94.77
4202.00,3446,-0.74,102.00,596.93,57.00,1,73.80
4202.00,3453,-0.07,93.00,615.10,46.00,2,63.45
4205.00,3432,-0.08,121.00,596.93,70.00,1,81.06
4205.00,3459,1.79,87.00,615.10,36.00,1,54.63
4206.00,3442,-0.98,111.00,617.75,62.00,1,74.10
4206.00,3488,5.28,50.00,615.10,1.00,1,22.39
4207.00,3455,0.55,95.00,617.75,47.00,1,62.41
4209.00,3456,2.36,94.00,596.93,43.00,1,56.67
4210.00,3470,-0.30,81.00,617.75,31.00,1,47.09
4211.00,3464,-0.16,89.00,596.93,37.00,1,53.91
4212.00,3468,-0.92,86.00,596.93,35.00,1,54.39
4214.00,3478,1.18,74.00,596.93,23.00,1,42.81
4215.00,3471,0.51,84.00,617.75,29.00,1,44.53
4215.00,3479,2.99,72.00,596.93,22.00,1,44.62
4217.00,3476,0.56,80.00,617.75,25.00,1,48.91
4219.00,3494,1.14,60.00,596.93,7.00,1,28.39
4220.00,3473,1.13,86.00,617.75,27.00,1,42.73
4220.00,3480,4.80,74.00,617.75,19.00,1,44.77
4220.00,3496,1.76,58.00,596.93,4.00,1,29.05
4225.00,3483,4.23,76.00,617.75,18.00,1,38.08
4225.00,3515,-0.85,43.00,615.10,0.00,0,6.27
4227.00,3485,3.85,76.00,617.75,17.00,1,43.87
4228.00,3487,3.47,75.00,617.75,17.00,1,45.45
4230.00,3497,2.57,66.00,617.75,8.00,1,36.65
4231.00,3522,-0.18,40.00,596.93,0.00,0,9.96
4234.00,3499,3.19,67.00,617.75,6.00,1,28.80
4235.00,3507,-0.33,62.00,607.65,1.00,1,28.98
4237.00,3520,-0.80,49.00,617.75,0.00,0,17.08
4240.00,3152,-0.88,490.00,596.93,419.00,3,460.17
4241.00,3133,-0.27,513.00,617.75,445.00,3,482.60
4243.00,3324,-0.56,288.00,615.10,231.00,2,254.00
4244.00,3178,-0.82,463.00,596.93,390.00,3,431.11
4246.00,3134,0.54,516.00,617.75,445.00,3,483.74
4246.00,3329,-0.51,285.00,605.00,226.00,2,248.37
4247.00,3354,-0.26,256.00,615.10,199.00,2,224.60
4248.00,3136,0.16,516.00,617.75,441.00,3,485.17
4249.00,3355,1.55,255.00,615.10,196.00,2,223.62
4251.00,3144,-0.36,510.00,617.75,434.00,3,476.53
4251.00,3193,0.33,451.00,596.93,372.00,3,417.60
4251.00,3381,1.61,226.00,615.10,168.00,2,190.82
4252.00,3199,-0.81,446.00,596.93,365.00,3,416.80
4253.00,3154,-0.26,500.00,617.75,420.00,3,469.29
4253.00,3394,-0.86,215.00,615.10,154.00,2,185.56
4254.00,3185,-0.15,464.00,596.93,379.00,3,419.22
4254.00,3457,-0.83,141.00,615.10,92.00,1,114.08
4255.00,3204,-0.76,443.00,596.93,360.00,3,414.03
4257.00,3153,2.93,502.00,607.65,417.00,3,465.27
4257.00,3215,-0.85,432.00,596.93,346.00,3,404.61
4259.00,3222,-0.18,425.00,596.93,339.00,3,394.51
4260.00,3182,-0.58,474.00,617.75,387.00,3,439.33
4265.00,3173,-0.87,490.00,617.75,397.00,3,448.68
4265.00,3467,-0.73,140.00,615.10,90.00,1,108.34
4266.00,3192,-0.48,468.00,617.75,377.00,3,435.17
4266.00,3239,-0.41,412.00,596.93,322.00,4,382.68
4266.00,3380,-0.20,244.00,596.93,178.00,2,204.47
4267.00,3477,-0.63,130.00,615.10,81.00,1,97.77
4268.00,3197,-0.43,464.00,617.75,372.00,3,427.88
4268.00,3391,-0.29,233.00,596.93,172.00,2,201.87
4269.00,3484,-0.96,124.00,615.10,73.00,1,92.93
4271.00,3200,1.00,462.00,617.75,367.00,3,423.20
4271.00,3421,-0.99,201.00,596.93,136.00,2,168.31
4272.00,3505,-0.95,102.00,615.10,50.00,1,66.12
4273.00,3242,-0.98,416.00,617.75,323.00,3,379.71
4274.00,3536,-0.84,67.00,615.10,13.00,1,36.78
4276.00,3547,-0.93,56.00,615.10,3.00,1,20.61
4277.00,3244,-0.36,417.00,596.93,325.00,3,378.92
4277.00,3248,0.88,411.00,617.75,317.00,2,370.54
4278.00,3246,0.26,415.00,596.93,322.00,3,383.40
4279.00,3269,-0.11,389.00,617.75,311.00,2,357.90
4280.00,3253,-0.07,409.00,596.93,322.00,2,377.00
4280.00,3267,-0.73,393.00,617.75,312.00,2,351.34
4282.00,3283,-0.77,376.00,617.75,298.00,2,347.39
4286.00,3091,-0.29,608.00,596.93,517.00,3,573.24
4286.00,3161,-0.59,525.00,617.75,435.00,3,494.55
4286.00,3286,58.66,317.00,615.10,261.00,2,284.38
4287.00,3150,-0.50,539.00,596.93,448.00,3,506.98
4288.00,3310,44.10,305.00,615.10,246.00,2,272.29
4290.00,3319,42.39,298.00,615.10,238.00,2,271.10
4291.00,3167,-0.73,523.00,617.75,429.00,4,485.86
4291.00,3325,38.25,296.00,615.10,238.00,2,264.54
4293.00,3025,-0.75,694.00,617.75,576.00,6,660.30
4293.00,3181,-0.39,508.00,596.93,413.00,4,471.66
4293.00,3352,31.12,273.00,615.10,215.00,2,243.59
4294.00,3037,0.97,679.00,617.75,559.00,6,647.01
4295.00,3174,-0.06,518.00,596.93,427.00,4,485.20
4295.00,3368,19.08,268.00,615.10,209.00,2,237.63
4296.00,3048,-0.12,669.00,617.75,550.00,5,635.18
4298.00,3080,-0.20,633.00,617.75,527.00,4,603.55
4298.00,3183,0.23,510.00,596.93,409.00,4,473.46
4298.00,3371,21.51,265.00,615.10,202.00,2,229.01
4300.00,3195,101.95,396.00,596.93,295.00,4,364.79
4300.00,3379,15.99,263.00,615.10,199.00,2,231.38
4301.00,3089,-0.91,626.00,617.75,519.00,4,591.72
4301.00,3382,15.42,261.00,615.10,199.00,2,230.93
4302.00,3198,111.38,385.00,596.93,288.00,2,351.84
4303.00,3100,0.00,614.00,617.75,505.00,3,582.46
4303.00,3202,114.62,378.00,596.93,287.00,2,350.48
4303.00,3388,11.28,260.00,615.10,196.00,2,226.05
4304.00,3389,13.09,258.00,615.10,195.00,2,229.33
4306.00,3119,-0.61,595.00,617.75,482.00,4,560.93
4306.00,3400,7.00,253.00,615.10,191.00,2,221.39
4307.00,3290,23.90,368.00,586.83,288.00,2,334.41
4308.00,3126,0.06,588.00,617.75,476.00,3,559.14
4309.00,3233,102.73,359.00,596.93,287.00,2,329.07
4309.00,3402,7.62,253.00,615.10,188.00,2,216.19
4311.00,3220,105.20,374.00,617.75,283.00,2,339.74
4311.00,3409,3.29,251.00,615.10,185.00,2,219.78
4313.00,3227,105.87,367.00,617.75,283.00,2,335.00
4313.00,3410,5.10,250.00,615.10,183.00,2,214.11
4314.00,3420,1.20,243.00,615.10,182.00,2,213.85
4316.00,3238,102.78,360.00,617.75,283.00,2,325.30
4316.00,3243,99.83,357.00,596.93,281.00,2,317.77
4316.00,3431,-0.89,234.00,615.10,174.00,2,203.80
4317.00,3276,67.56,351.00,596.93,276.00,2,317.08
4319.00,3240,102.40,361.00,617.75,281.00,2,327.67
4319.00,3288,59.28,347.00,596.93,268.00,2,312.81
4320.00,3443,-0.17,223.00,615.10,162.00,3,190.00
4321.00,3259,83.79,359.00,617.75,281.00,3,324.39
4321.00,3301,46.81,346.00,596.93,266.00,2,311.17
4323.00,3444,0.64,224.00,615.10,160.00,2,188.15
4325.00,3266,77.46,361.00,617.75,282.00,2,325.43
4326.00,3306,44.86,347.00,596.93,265.00,2,309.37
4326.00,3419,1.39,256.00,617.75,184.00,2,226.95
4326.00,3452,-0.88,219.00,615.10,155.00,3,188.40
4327.00,3316,39.96,341.00,596.93,261.00,2,312.36
4328.00,3303,47.43,350.00,617.75,272.00,2,319.41
4329.00,3317,41.77,340.00,596.93,256.00,2,307.39
4330.00,3465,-0.35,207.00,615.10,142.00,2,172.06
4331.00,3331,34.11,333.00,596.93,249.00,2,300.10
4333.00,3335,33.35,331.00,596.93,249.00,2,300.18
4334.00,3343,29.83,326.00,596.93,243.00,2,296.14
4334.00,3434,-0.46,248.00,617.75,173.00,2,208.16
4334.00,3481,-0.39,192.00,615.10,127.00,3,160.52
4335.00,3411,6.91,269.00,617.75,189.00,2,238.67
4337.00,3345,30.45,326.00,596.93,241.00,2,296.17
4337.00,3447,0.07,235.00,617.75,160.00,2,204.98
4337.00,3521,-0.99,148.00,615.10,94.00,1,115.41
4338.00,3544,-0.36,121.00,615.10,68.00,1,91.71
4339.00,3308,45.48,357.00,617.75,274.00,3,324.26
4340.00,3551,0.31,114.00,615.10,61.00,1,81.92
4341.00,3429,-0.51,261.00,617.75,181.00,3,227.51
4342.00,3350,30.50,325.00,596.93,236.00,2,291.02
4342.00,3466,0.46,217.00,617.75,141.00,2,184.32
4344.00,3361,23.41,321.00,596.93,230.00,2,289.35
4345.00,3369,20.89,315.00,596.93,227.00,2,286.05
4345.00,3563,-0.97,106.00,615.10,50.00,1,67.94
4346.00,3566,1.46,101.00,615.10,45.00,1,70.39
4347.00,3472,-0.68,216.00,617.75,138.00,2,181.38
4348.00,3413,5.53,281.00,596.93,190.00,2,249.80
4348.00,3567,3.27,100.00,615.10,45.00,1,66.01
4349.00,3569,3.89,98.00,615.10,43.00,1,63.70
4351.00,3332,35.92,350.00,617.75,258.00,4,310.73
4351.00,3422,1.82,277.00,596.93,184.00,2,244.12
4351.00,3582,-0.58,89.00,615.10,33.00,1,54.43
4353.00,3337,33.97,348.00,617.75,249.00,2,314.76
4353.00,3448,-0.12,250.00,596.93,156.00,2,218.93
4353.00,3584,-0.96,89.00,615.10,32.00,1,53.63
4355.00,3341,30.21,349.00,617.75,248.00,2,315.02
4356.00,3587,1.47,86.00,615.10,30.00,1,46.81
4357.00,3347,31.07,343.00,617.75,244.00,2,306.39
4357.00,3460,-0.40,240.00,586.83,145.00,2,205.91
4361.00,3495,1.95,200.00,596.93,158.00,1,171.31
4361.00,3503,0.43,192.00,615.10,149.00,1,164.11
4363.00,3461,-0.59,245.00,617.75,183.00,2,214.55
4363.00,3498,1.38,199.00,596.93,156.00,1,168.74
4364.00,3512,-0.28,185.00,615.10,138.00,1,154.21
4365.00,3493,2.33,206.00,617.75,161.00,1,177.77
4366.00,3513,1.53,184.00,596.93,138.00,1,152.93
4367.00,3540,1.40,153.00,615.10,103.00,1,119.15
4368.00,3500,2.00,201.00,617.75,154.00,1,169.34
4368.00,3516,0.96,183.00,596.93,136.00,1,152.55
4369.00,3552,-0.88,143.00,615.10,93.00,1,113.62
4370.00,3562,-0.78,132.00,615.10,84.00,1,100.96
4372.00,3518,1.58,184.00,596.93,134.00,1,150.76
4372.00,3578,-0.82,115.00,615.10,64.00,1,83.98
4374.00,3519,3.39,183.00,617.75,133.00,1,149.77
4374.00,3523,1.63,180.00,596.93,132.00,1,149.71
4374.00,3588,0.28,104.00,615.10,56.00,1,72.19
4375.00,3509,-0.71,200.00,617.75,146.00,1,159.96
4375.00,3589,2.09,102.00,605.00,55.00,1,71.06
4378.00,3585,0.85,111.00,615.10,55.00,2,77.12
4379.00,3524,3.44,182.00,617.75,126.00,1,143.53
4379.00,3535,1.35,171.00,596.93,118.00,1,134.42
4380.00,3596,1.76,99.00,615.10,48.00,1,65.47
4381.00,3531,-0.89,180.00,617.75,125.00,1,152.70
4381.00,3539,-0.41,170.00,596.93,114.00,1,138.72
4381.00,3610,1.10,84.00,615.10,32.00,1,56.34
4382.00,3534,-0.46,177.00,617.75,123.00,1,148.37
4383.00,3556,-0.64,152.00,596.93,99.00,1,117.67
4383.00,3618,-0.42,78.00,615.10,25.00,1,49.36
4384.00,3629,-0.51,66.00,615.10,15.00,1,33.87
4385.00,3545,-0.55,167.00,617.75,110.00,1,132.49
4385.00,3575,-0.25,131.00,596.93,77.00,1,101.18
4386.00,3633,-0.27,63.00,615.10,12.00,1,30.45
4387.00,3560,-0.40,151.00,617.75,95.00,1,121.17
4388.00,3571,-0.49,139.00,617.75,83.00,1,107.33
4388.00,3639,1.59,56.00,615.10,6.00,1,26.10
4390.00,3583,0.23,126.00,596.93,68.00,1,89.90
4391.00,3580,-0.20,131.00,617.75,72.00,1,97.66
4392.00,3593,2.33,114.00,596.93,55.00,1,78.93
4394.00,3601,-0.19,109.00,596.93,51.00,1,77.55
4396.00,3581,0.61,134.00,617.75,71.00,1,95.21
4398.00,3591,2.71,122.00,617.75,61.00,1,83.68
4398.00,3603,0.43,110.00,596.93,49.00,1,73.01
4400.00,3605,1.05,109.00,596.93,46.00,1,74.93
4400.00,3619,1.39,92.00,617.75,30.00,1,58.13
4401.00,3636,-0.84,75.00,617.75,13.00,1,41.42
4402.00,3608,0.48,108.00,596.93,45.00,1,77.41
4404.00,3637,0.97,75.00,617.75,11.00,1,41.61
4405.00,3621,1.01,95.00,596.93,32.00,1,61.25
4406.00,3644,-0.36,70.00,617.75,6.00,1,40.83
4408.00,3655,-0.45,59.00,617.75,0.00,0,28.56
4409.00,3626,-0.94,95.00,596.93,29.00,1,59.22
4412.00,3656,0.36,61.00,617.75,0.00,0,27.41
4413.00,3666,-0.54,51.00,617.75,0.00,0,21.37
4413.00,3670,-0.30,46.00,596.93,0.00,0,9.47
4416.00,3668,-0.92,52.00,617.75,0.00,0,20.75
4417.00,3679,-0.01,39.00,596.93,0.00,0,8.96
4422.00,3680,1.80,41.00,596.93,0.00,0,8.89
4431.00,3527,-0.13,234.00,596.93,191.00,1,200.64
4431.00,3538,1.78,219.00,615.10,174.00,1,187.72
4432.00,3532,-0.08,229.00,617.75,185.00,1,194.80
4433.00,3546,-0.74,214.00,596.93,169.00,1,183.62
4434.00,3533,0.73,229.00,617.75,182.00,1,198.12
4434.00,3559,1.79,197.00,596.93,151.00,1,167.45
4435.00,3537,-0.03,226.00,617.75,181.00,1,198.22
4435.00,3574,-0.06,182.00,615.10,129.00,1,145.45
4436.00,3592,-0.48,162.00,615.10,112.00,1,131.35
4438.00,3543,-0.17,222.00,617.75,174.00,1,189.63
4438.00,3614,0.34,137.00,615.10,87.00,1,107.54
4439.00,3612,-0.28,141.00,596.93,92.00,1,110.58
4440.00,3609,-0.71,146.00,615.10,94.00,1,107.30
4440.00,3663,-0.97,82.00,615.10,33.00,1,45.55
4441.00,3553,-0.07,213.00,617.75,165.00,1,181.86
4441.00,3617,1.77,135.00,596.93,87.00,1,106.84
4442.00,3684,-0.96,59.00,615.10,9.00,1,22.77
4444.00,3554,1.74,213.00,617.75,162.00,1,179.37
4444.00,3693,-0.67,50.00,615.10,0.00,0,15.61
4446.00,3557,1.17,212.00,617.75,162.00,1,180.33
4446.00,3624,-0.56,134.00,596.93,82.00,1,101.02
4447.00,3598,-0.62,166.00,617.75,117.00,1,137.11
4447.00,3657,-0.83,96.00,596.93,45.00,1,65.94
4450.00,3604,-0.76,162.00,617.75,109.00,1,129.71
4450.00,3669,-0.11,84.00,596.93,32.00,1,53.32
4451.00,3673,-0.87,81.00,596.93,29.00,1,54.90
4455.00,3616,0.96,151.00,617.75,95.00,1,115.24
4456.00,3627,-0.13,140.00,617.75,84.00,1,109.29
4456.00,3690,-0.10,65.00,596.93,9.00,1,31.13
4458.00,3632,-0.08,136.00,617.75,79.00,1,103.47
4459.00,3703,0.43,52.00,596.93,0.00,0,18.13
4464.00,3652,-0.88,119.00,617.75,57.00,1,82.06
4464.00,3710,0.10,49.00,596.93,0.00,0,18.28
4465.00,3659,-0.21,111.00,617.75,52.00,1,78.64
4465.00,3706,-0.14,55.00,596.93,0.00,0,14.73
4466.00,3715,-0.85,46.00,596.93,0.00,0,17.57
4468.00,3676,-0.44,94.00,617.75,33.00,1,57.74
4469.00,3718,0.58,44.00,596.93,0.00,0,12.39
4470.00,3724,-0.56,39.00,615.10,0.00,0,7.75
4472.00,3698,-0.62,72.00,617.75,8.00,1,33.82
4473.00,3719,2.39,45.00,596.93,0.00,0,10.87
4474.00,3702,-0.38,69.00,617.75,5.00,1,35.98
4475.00,3708,0.48,62.00,617.75,0.00,0,33.08
4477.00,3716,0.96,54.00,617.75,0.00,0,22.49
4478.00,3725,1.25,44.00,617.75,0.00,0,16.21
4484.00,3278,-0.82,584.00,596.93,503.00,3,550.00
4486.00,3293,0.33,567.00,617.75,483.00,3,531.40
4488.00,3289,-0.91,575.00,596.93,490.00,3,538.76
4489.00,3508,-0.52,315.00,617.75,257.00,2,278.26
4489.00,3570,-0.30,241.00,615.10,189.00,1,206.46
4490.00,3291,-0.29,574.00,596.93,488.00,3,544.41
4491.00,3312,-0.28,550.00,617.75,467.00,3,519.68
4492.00,3326,0.06,534.00,617.75,450.00,3,502.90
4492.00,3607,1.67,198.00,615.10,151.00,1,165.16
4493.00,3611,-0.09,196.00,615.10,147.00,1,164.20
4495.00,3295,2.95,571.00,596.93,484.00,4,538.61
4495.00,3620,-0.80,188.00,615.10,138.00,1,156.50
4496.00,3385,-0.15,468.00,617.75,381.00,3,431.91
4497.00,3395,0.95,456.00,617.75,366.00,3,426.31
4497.00,3486,-0.34,349.00,596.93,285.00,2,306.27
4497.00,3642,0.02,163.00,615.10,114.00,1,131.15
4498.00,3299,1.19,571.00,596.93,481.00,4,539.66
4500.00,3305,1.05,566.00,596.93,472.00,4,533.29
4500.00,3398,-0.62,457.00,607.65,367.00,4,421.66
4502.00,3313,0.53,559.00,596.93,464.00,3,529.56
4502.00,3433,-0.27,417.00,617.75,324.00,3,385.56
4503.00,3645,-0.55,166.00,615.10,111.00,1,125.16
4504.00,3653,0.93,156.00,615.10,103.00,1,124.56
4506.00,3437,-0.03,416.00,617.75,323.00,3,381.80
4506.00,3672,-0.68,137.00,615.10,85.00,1,105.80
4507.00,3315,1.15,561.00,596.93,462.00,4,524.70
4507.00,3674,-0.06,135.00,615.10,82.00,1,106.08
4508.00,3440,0.40,414.00,617.75,319.00,3,381.09
4508.00,3736,-0.84,63.00,615.10,15.00,1,32.67
4509.00,3330,-0.70,547.00,596.93,445.00,3,516.68
4509.00,3720,-0.80,83.00,615.10,31.00,1,50.74
4510.00,3445,-0.55,411.00,617.75,317.00,3,379.74
4510.00,3721,0.01,82.00,615.10,30.00,1,51.10
4512.00,3336,-0.84,543.00,596.93,442.00,3,508.41
4512.00,3450,-0.50,407.00,617.75,311.00,3,376.26
4512.00,3741,-0.79,61.00,615.10,10.00,1,29.94
4514.00,3356,3.36,517.00,596.93,414.00,3,485.26
4515.00,3475,-0.25,380.00,617.75,295.00,2,348.41
4517.00,3387,-0.53,487.00,596.93,382.00,3,452.91
4518.00,3750,1.50,54.00,617.75,3.00,1,21.73
4520.00,3405,-0.95,469.00,596.93,360.00,3,433.43
4520.00,3502,1.62,351.00,617.75,267.00,3,320.27
4520.00,3759,1.79,45.00,615.10,0.00,0,14.30
4521.00,3761,1.41,44.00,615.10,0.00,0,17.68
4522.00,3438,-0.22,431.00,596.93,324.00,4,397.50
4522.00,3756,-0.64,53.00,617.75,0.00,0,24.54
4523.00,3764,-0.16,44.00,615.10,0.00,0,13.91
4524.00,3451,-0.69,418.00,596.93,308.00,3,385.23
4527.00,3510,-0.90,351.00,617.75,259.00,3,314.18
4527.00,3525,-0.75,333.00,596.93,247.00,2,299.80
4529.00,3541,-0.79,316.00,596.93,228.00,3,286.07
4531.00,3489,-0.91,380.00,596.93,291.00,3,348.78
4531.00,3511,-0.09,353.00,617.75,256.00,2,314.86
4532.00,3746,-0.74,75.00,617.75,8.00,1,43.50
4534.00,3576,-0.44,279.00,617.75,196.00,2,249.80
4534.00,3767,-0.73,52.00,615.10,0.00,0,19.80
4535.00,3647,1.07,194.00,596.93,139.00,1,160.06
4536.00,3770,-0.30,50.00,615.10,0.00,0,16.96
4537.00,3577,-0.63,281.00,617.75,195.00,2,246.99
4540.00,3579,-0.01,281.00,617.75,195.00,2,244.81
4541.00,3514,-0.66,360.00,617.75,259.00,5,326.90
4541.00,3654,2.74,190.00,596.93,129.00,1,149.76
4542.00,3501,-0.19,376.00,596.93,272.00,3,342.66
4545.00,3590,-0.10,273.00,615.10,212.00,2,242.94
4546.00,3463,-0.97,426.00,596.93,328.00,3,392.89
4547.00,3348,30.88,532.00,617.75,429.00,3,498.40
4547.00,3595,-0.05,269.00,596.93,205.00,3,237.69
4547.00,3628,5.68,224.00,615.10,178.00,1,193.17
4548.00,3367,19.27,522.00,607.65,420.00,3,490.99
4549.00,3474,-0.06,415.00,596.93,312.00,3,386.83
4551.00,3631,6.11,224.00,615.10,174.00,1,189.38
4552.00,3643,4.83,212.00,615.10,163.00,1,186.42
4554.00,3681,-0.39,174.00,615.10,125.00,1,143.06
4555.00,3374,20.94,519.00,617.75,412.00,4,478.62
4555.00,3683,2.23,170.00,615.10,122.00,1,139.01
4556.00,3482,1.42,411.00,596.93,307.00,3,372.67
4557.00,3390,14.90,508.00,617.75,399.00,4,468.86
4557.00,3491,8.71,394.00,596.93,295.00,2,361.94
4557.00,3689,-0.91,168.00,615.10,118.00,1,136.65
4559.00,3399,7.19,507.00,617.75,392.00,4,478.20
4559.00,3529,-0.51,360.00,596.93,270.00,2,329.26
4561.00,3392,13.52,511.00,617.75,394.00,3,469.87
4561.00,3549,-0.31,338.00,596.93,249.00,2,305.47
4561.00,3694,-0.86,166.00,615.10,114.00,1,128.34
4562.00,3565,-0.35,320.00,596.93,229.00,2,292.70
4563.00,3408,3.48,504.00,617.75,390.00,3,470.14
4563.00,3695,0.95,165.00,615.10,113.00,1,134.55
4564.00,3572,3.32,310.00,596.93,221.00,2,281.38
4564.00,3711,-0.09,148.00,615.10,98.00,1,116.50
4565.00,3722,-0.18,136.00,615.10,88.00,1,105.07
4566.00,3712,1.72,147.00,615.10,95.00,1,113.34
4567.00,3504,-0.76,398.00,617.75,299.00,2,359.55
4569.00,3506,-0.14,397.00,617.75,296.00,2,364.87
4569.00,3728,1.68,131.00,615.10,80.00,1,94.99
4570.00,3517,-0.23,385.00,617.75,292.00,2,352.22
4570.00,3586,-0.34,303.00,596.93,208.00,2,267.36
4570.00,3730,2.30,129.00,615.10,78.00,1,98.97
4571.00,3597,19.57,271.00,596.93,179.00,2,242.67
4572.00,3528,-0.32,374.00,617.75,281.00,2,340.65
4572.00,3735,-0.65,128.00,615.10,76.00,1,94.79
4574.00,3751,-0.69,111.00,615.10,59.00,1,78.98
4575.00,3530,1.30,373.00,617.75,278.00,2,339.65
4575.00,3600,27.00,264.00,596.93,176.00,2,228.57
4575.00,3769,0.89,89.00,615.10,39.00,1,57.72
4576.00,3615,15.15,259.00,596.93,176.00,2,233.89
4577.00,3548,-0.12,355.00,617.75,262.00,2,327.54
4577.00,3798,-0.62,58.00,615.10,6.00,1,26.33
4578.00,3634,5.54,248.00,596.93,175.00,1,217.32
4579.00,3801,-0.19,56.00,615.10,5.00,1,21.29
4579.00,3807,-0.33,49.00,615.10,0.00,0,19.12
4580.00,3602,28.62,265.00,617.75,178.00,1,230.84
4583.00,3817,1.77,39.00,615.10,0.00,0,9.41
4584.00,3638,4.78,250.00,596.93,175.00,1,212.43
4585.00,3622,9.82,265.00,617.75,178.00,1,227.36
4585.00,3641,4.21,248.00,596.93,176.00,2,216.92
4586.00,3623,9.63,265.00,617.75,178.00,1,233.21
4587.00,3649,0.69,244.00,596.93,178.00,1,212.55
4589.00,3630,6.30,263.00,617.75,178.00,1,231.28
4589.00,3660,-0.40,234.00,596.93,171.00,1,201.86
4591.00,3635,7.35,258.00,617.75,177.00,1,229.07
4591.00,3661,1.41,233.00,596.93,171.00,1,199.90
4594.00,3650,2.50,248.00,617.75,177.00,2,214.91
4596.00,3677,-0.63,221.00,596.93,154.00,1,183.21
4596.00,3827,-0.13,42.00,615.10,0.00,0,13.92
4597.00,3662,3.22,236.00,617.75,169.00,1,202.90
4598.00,3700,0.00,195.00,596.93,129.00,1,168.49
4598.00,3738,1.78,148.00,617.75,94.00,1,118.35
4601.00,3831,2.11,40.00,615.10,0.00,0,9.26
4602.00,3727,-0.13,167.00,596.93,97.00,1,128.76
4603.00,3737,-0.03,156.00,596.93,88.00,1,124.76
4603.00,3826,0.06,50.00,617.75,0.00,0,14.92
4604.00,3665,1.65,241.00,617.75,169.00,3,208.66
4604.00,3753,-0.07,138.00,596.93,70.00,1,105.99
4605.00,3833,2.73,41.00,615.10,0.00,0,7.78
4607.00,3830,2.30,47.00,617.75,0.00,0,12.50
4608.00,3768,-0.92,125.00,596.93,53.00,1,89.43
4609.00,3675,-0.25,236.00,617.75,161.00,3,205.52
4609.00,3787,-0.53,103.00,596.93,33.00,1,74.76
4610.00,3682,1.42,227.00,617.75,151.00,1,196.19
4610.00,3836,2.16,43.00,615.10,0.00,0,8.79
4611.00,3838,2.78,41.00,615.10,0.00,0,7.08
4612.00,3685,2.85,224.00,617.75,149.00,1,195.99
4613.00,3793,-0.67,100.00,596.93,28.00,1,65.90
4613.00,3840,3.40,40.00,615.10,0.00,0,10.56
4615.00,3841,5.21,39.00,615.10,0.00,0,8.01
4616.00,3699,-0.81,215.00,617.75,136.00,1,180.97
4616.00,3809,0.29,83.00,596.93,9.00,1,48.17
4618.00,3811,1.91,81.00,596.93,5.00,1,47.07
4620.00,3705,-0.95,212.00,617.75,132.00,1,175.60
4620.00,3814,1.34,80.00,596.93,4.00,1,49.36
4622.00,3717,-0.23,199.00,617.75,117.00,1,165.35
4622.00,3824,-0.56,72.00,596.93,0.00,0,39.98
4624.00,3726,-0.94,191.00,617.75,110.00,1,155.44
4625.00,3762,-0.78,149.00,617.75,70.00,1,118.46
4625.00,3829,0.49,68.00,596.93,0.00,0,36.28
4627.00,3858,-0.02,36.00,615.10,0.00,0,5.15
4628.00,3772,0.32,139.00,617.75,56.00,1,104.00
4630.00,3792,-0.48,118.00,617.75,35.00,1,85.83
4636.00,3804,-0.76,110.00,617.75,25.00,1,77.22
4637.00,3796,-0.24,120.00,617.75,33.00,1,76.31
4638.00,3865,-0.35,39.00,615.10,0.00,0,5.37
4639.00,3805,-0.95,112.00,617.75,25.00,1,73.94
4640.00,3869,-0.11,36.00,615.10,0.00,0,6.51
4642.00,3810,2.10,106.00,617.75,19.00,1,68.25
4644.00,3815,3.15,101.00,617.75,17.00,1,71.03
4645.00,3823,-0.37,96.00,617.75,12.00,1,64.42
4650.00,3848,-0.12,71.00,617.75,0.00,0,39.13
4651.00,3835,16.35,71.00,607.65,0.00,0,31.45
4653.00,3871,0.51,46.00,596.93,0.00,0,7.90
4655.00,3687,-0.53,268.00,596.93,227.00,1,237.25
4656.00,3713,-0.47,238.00,615.10,194.00,1,205.68
4658.00,3696,-0.24,260.00,617.75,213.00,1,224.52
4659.00,3688,1.28,269.00,596.93,222.00,1,234.86
4660.00,3704,-0.76,253.00,617.75,206.00,1,215.92
4660.00,3771,-0.49,173.00,615.10,125.00,1,144.45
4662.00,3709,-0.71,249.00,617.75,202.00,1,217.79
4662.00,3733,-0.27,220.00,596.93,170.00,1,184.85
4662.00,3757,-0.83,192.00,615.10,141.00,1,152.08
4663.00,3739,-0.41,214.00,617.75,167.00,1,186.46
4663.00,3760,-0.40,189.00,615.10,136.00,1,157.58
4664.00,3754,-0.26,197.00,596.93,150.00,1,167.13
4665.00,3776,5.56,166.00,615.10,118.00,1,134.26
4667.00,3773,0.13,177.00,615.10,125.00,1,137.19
4667.00,3786,-0.34,162.00,615.10,112.00,1,129.70
4669.00,3763,-0.97,192.00,596.93,138.00,1,155.36
4669.00,3775,3.75,173.00,615.10,119.00,1,132.04
4670.00,3791,-0.29,159.00,615.10,109.00,1,124.36
4670.00,3794,-0.86,156.00,615.10,103.00,2,126.31
4671.00,3800,1.00,148.00,615.10,101.00,1,117.50
4672.00,3825,-0.75,121.00,615.10,65.00,1,87.23
4673.00,3799,-0.81,153.00,596.93,100.00,1,121.96
4673.00,3867,-0.73,72.00,615.10,18.00,1,44.55
4674.00,3878,-0.82,60.00,615.10,7.00,1,29.10
4675.00,3774,1.94,182.00,596.93,123.00,1,139.06
4675.00,3842,-0.98,104.00,617.75,53.00,1,68.88
4675.00,3886,3.66,47.00,615.10,0.00,0,16.67
4676.00,3802,1.62,150.00,615.10,90.00,2,119.01
4676.00,3891,5.71,40.00,615.10,0.00,0,9.59
4677.00,3856,-0.64,89.00,617.75,38.00,1,56.48
4678.00,3893,6.33,39.00,615.10,0.00,0,7.99
4679.00,3832,-0.08,119.00,596.93,64.00,1,84.68
4679.00,3857,1.17,88.00,617.75,34.00,1,57.18
4680.00,3845,-0.55,105.00,596.93,49.00,1,75.08
4681.00,3868,1.08,77.00,617.75,23.00,1,45.10
4682.00,3851,-0.69,100.00,596.93,44.00,1,69.88
4683.00,3887,5.47,52.00,615.10,3.00,1,19.72
4685.00,3853,-0.07,100.00,596.93,41.00,1,67.87
4686.00,3874,-0.06,76.00,617.75,19.00,1,39.92
4688.00,3883,-0.77,68.00,617.75,10.00,1,35.66
4688.00,3884,1.04,65.00,596.93,6.00,1,31.93
4689.00,3885,2.85,63.00,617.75,4.00,1,32.60
4690.00,3903,-0.57,46.00,596.93,0.00,0,13.57
4693.00,3889,6.09,59.00,617.75,2.00,1,23.18
4694.00,3910,-0.90,42.00,615.10,0.00,0,4.71
4697.00,3913,-0.47,41.00,596.93,0.00,0,8.89
4698.00,3906,-0.14,50.00,617.75,0.00,0,8.94
4709.00,3922,-0.18,42.00,617.75,0.00,0,6.99
4711.00,3923,1.63,41.00,615.10,0.00,0,5.05
4716.00,3928,-0.32,42.00,596.93,0.00,0,9.18
4716.00,3930,0.30,39.00,617.75,0.00,0,9.31
4718.00,3934,-0.46,37.00,615.10,0.00,0,4.91
4722.00,3937,-0.03,37.00,615.10,0.00,0,5.25
4729.00,3734,1.54,284.00,615.10,239.00,1,253.44
4730.00,3732,0.92,288.00,596.93,243.00,1,254.25
4730.00,3748,3.88,266.00,615.10,224.00,1,238.80
4732.00,3731,-0.89,293.00,617.75,246.00,1,257.27
4734.00,3742,-0.98,282.00,596.93,235.00,1,246.27
4734.00,3766,1.46,251.00,615.10,206.00,1,218.65
4735.00,3765,-0.35,255.00,615.10,205.00,1,216.28
4736.00,3744,-0.36,281.00,596.93,232.00,1,253.44
4736.00,3783,-0.77,235.00,615.10,185.00,1,201.57
4738.00,3745,1.45,280.00,596.93,231.00,1,246.69
4738.00,3780,-0.20,240.00,617.75,190.00,1,204.97
4738.00,3788,-0.72,231.00,615.10,179.00,1,198.14
4738.00,3797,0.57,219.00,615.10,171.00,1,188.63
4739.00,3747,2.07,278.00,596.93,229.00,1,247.98
4739.00,3806,-0.14,210.00,615.10,164.00,1,182.53
4740.00,3795,-0.05,224.00,615.10,174.00,1,187.73
4741.00,3752,2.12,274.00,596.93,225.00,1,243.89
4741.00,3837,-0.03,175.00,615.10,124.00,1,144.37
4743.00,3862,0.22,147.00,615.10,97.00,1,116.59
4744.00,3890,-0.10,115.00,615.10,62.00,1,85.17
4745.00,3818,-0.42,202.00,617.75,151.00,1,168.94
4746.00,3899,-0.81,107.00,615.10,53.00,1,73.60
4747.00,3821,1.01,199.00,617.75,146.00,1,166.15
4748.00,3755,1.55,278.00,596.93,222.00,1,239.62
4749.00,3778,-0.82,254.00,596.93,201.00,1,222.76
4749.00,3843,-0.17,176.00,617.75,125.00,1,143.95
4751.00,3812,-0.28,215.00,596.93,160.00,1,185.57
4752.00,3819,0.39,207.00,596.93,154.00,1,176.52
4752.00,3901,-0.19,110.00,615.10,54.00,1,69.32
4753.00,3902,1.62,108.00,615.10,51.00,1,74.96
4754.00,3828,-0.32,199.00,596.93,146.00,1,169.38
4754.00,3847,-0.93,177.00,617.75,119.00,1,140.98
4755.00,3854,-0.26,169.00,617.75,114.00,1,140.04
4755.00,3932,-0.08,76.00,615.10,23.00,1,45.81
4756.00,3929,-0.51,81.00,615.10,23.00,2,47.98
4758.00,3861,-0.59,164.00,617.75,109.00,1,130.76
4758.00,3958,-0.02,48.00,615.10,0.00,0,18.15
4759.00,3918,2.58,94.00,596.93,34.00,1,58.40
4761.00,3870,-0.30,156.00,617.75,97.00,1,124.06
4761.00,3939,-0.41,74.00,596.93,16.00,1,44.02
4762.00,3967,-0.73,42.00,615.10,0.00,0,7.14
4764.00,3916,-0.04,104.00,617.75,46.00,1,71.98
4766.00,3917,0.77,104.00,617.75,45.00,1,73.04
4767.00,3971,0.51,41.00,615.10,0.00,0,6.67
4769.00,3921,2.01,101.00,617.75,40.00,1,68.56
4771.00,3975,-0.25,41.00,615.10,0.00,0,15.06
4772.00,3949,-0.31,73.00,617.75,9.00,1,37.62
4773.00,3950,0.50,72.00,617.75,7.00,1,39.19
4777.00,3961,-0.59,64.00,617.75,0.00,0,28.31
4779.00,3964,-0.16,62.00,617.75,0.00,0,26.30
4781.00,3970,-0.30,57.00,617.75,0.00,0,23.51
4797.00,3998,-0.62,40.00,617.75,0.00,0,7.52
4806.00,4006,-0.14,39.00,617.75,0.00,0,9.11
4811.00,4008,0.48,41.00,615.10,0.00,0,5.22
4816.00,4013,-0.47,41.00,596.93,0.00,0,8.54
4817.00,4014,1.34,39.00,596.93,0.00,0,11.90
4820.00,4019,-0.61,38.00,615.10,0.00,0,6.17
4823.00,4021,0.01,38.00,615.10,0.00,0,6.52
4828.00,4023,1.63,39.00,596.93,0.00,0,9.32
4833.00,4024,3.44,41.00,596.93,0.00,0,8.90
4837.00,4028,4.68,39.00,615.10,0.00,0,5.16
4840.00,4029,6.49,39.00,615.10,0.00,0,5.33
4842.00,3542,1.02,626.00,617.75,528.00,5,594.10
4842.00,4025,5.25,47.00,596.93,0.00,0,7.94
4844.00,3729,-0.51,407.00,596.93,350.00,2,377.01
4844.00,4031,7.11,40.00,596.93,0.00,0,9.75
4845.00,3526,1.06,648.00,596.93,544.00,5,609.79
4847.00,3555,-0.45,617.00,617.75,510.00,3,587.15
4847.00,3781,0.61,347.00,615.10,292.00,1,316.26
4849.00,3777,-0.63,355.00,615.10,298.00,1,323.40
4849.00,3779,-0.01,352.00,615.10,292.00,2,320.48
4851.00,3564,-0.16,610.00,617.75,497.00,3,578.82
4852.00,3789,-0.91,344.00,615.10,289.00,1,312.21
4853.00,3790,0.90,342.00,617.75,290.00,1,310.58
4854.00,3803,-0.57,329.00,615.10,282.00,1,300.31
4855.00,3550,-0.50,631.00,596.93,522.00,6,591.97
4855.00,3707,-0.33,444.00,617.75,380.00,3,411.67
4855.00,3808,-0.52,324.00,615.10,277.00,1,296.23
4856.00,3749,-0.31,395.00,596.93,326.00,2,367.14
4858.00,3558,-0.02,624.00,596.93,511.00,6,594.89
4858.00,3834,-0.46,296.00,615.10,246.00,1,262.48
4859.00,3561,-0.59,622.00,596.93,506.00,5,596.01
4860.00,3740,-0.60,410.00,617.75,340.00,2,374.38
4861.00,3568,-0.92,616.00,617.75,497.00,5,582.39
4862.00,3594,-0.86,586.00,596.93,491.00,4,553.65
4864.00,3606,-0.14,573.00,596.93,484.00,2,541.62
4864.00,3846,-0.74,288.00,615.10,233.00,1,246.69
4865.00,3573,-0.87,614.00,617.75,492.00,4,578.23
4866.00,3613,0.53,566.00,596.93,476.00,2,534.63
4866.00,3852,1.12,281.00,615.10,226.00,1,245.87
4867.00,3855,0.55,279.00,615.10,224.00,1,243.76
4868.00,3860,1.60,273.00,615.10,222.00,1,238.60
4869.00,3859,-0.21,277.00,615.10,223.00,1,245.37
4870.00,3692,-0.48,477.00,617.75,395.00,3,437.29
4870.00,3863,1.03,272.00,615.10,221.00,1,238.18
4871.00,3599,-0.81,589.00,617.75,484.00,2,551.06
4872.00,3640,-0.60,541.00,596.93,446.00,2,503.55
4872.00,3873,-0.87,264.00,615.10,214.00,1,228.01
4873.00,3625,-0.75,560.00,617.75,461.00,2,528.19
4873.00,3876,1.56,259.00,615.10,208.00,1,227.76
4874.00,3648,2.88,530.00,596.93,433.00,2,495.85
4876.00,3915,0.15,217.00,615.10,164.00,1,179.90
4877.00,3646,1.26,537.00,617.75,434.00,2,497.33
4877.00,3678,-0.82,501.00,596.93,404.00,3,464.16
4877.00,3931,-0.89,200.00,615.10,148.00,1,163.65
4878.00,3651,2.31,531.00,617.75,431.00,3,496.03
4879.00,3697,-0.43,480.00,596.93,381.00,2,448.77
4879.00,3935,-0.65,197.00,615.10,146.00,1,167.87
4880.00,3658,0.98,526.00,617.75,424.00,3,489.72
4880.00,3701,-0.19,476.00,596.93,381.00,3,449.00
4880.00,3945,-0.55,186.00,615.10,134.00,1,154.36
4882.00,3664,-0.16,522.00,617.75,421.00,3,486.95
4882.00,3723,0.63,451.00,596.93,353.00,3,417.89
4882.00,3960,1.60,168.00,615.10,117.00,1,133.26
4884.00,3667,-0.73,521.00,617.75,420.00,2,488.23
4884.00,3966,-0.54,165.00,615.10,111.00,1,131.04
4887.00,3743,-0.17,433.00,596.93,329.00,3,396.64
4889.00,3758,-0.02,417.00,596.93,313.00,3,385.95
4891.00,3671,-0.49,523.00,617.75,413.00,3,481.71
4892.00,3686,-0.34,506.00,617.75,399.00,2,474.79
4892.00,3784,1.04,388.00,596.93,296.00,1,352.33
4893.00,3691,-0.29,501.00,617.75,395.00,2,468.93
4894.00,3813,-0.47,357.00,596.93,294.00,1,326.35
4895.00,3714,-0.66,476.00,617.75,369.00,3,443.79
4896.00,3892,-0.48,265.00,596.93,209.00,1,230.42
4897.00,3782,2.42,394.00,617.75,292.00,1,361.89
4897.00,3816,-0.04,356.00,596.93,292.00,1,325.24
4899.00,3820,-0.80,354.00,596.93,288.00,1,326.03
4901.00,3908,1.48,249.00,596.93,190.00,2,218.99
4902.00,3785,2.85,395.00,617.75,292.00,1,359.36
4904.00,3839,-0.41,336.00,596.93,267.00,1,305.24
4907.00,3822,-0.18,359.00,617.75,286.00,1,319.00
4907.00,3875,-0.25,296.00,596.93,228.00,1,262.20
4909.00,3844,-0.36,335.00,617.75,261.00,1,296.22
4909.00,3947,0.07,212.00,596.93,149.00,2,180.17
4911.00,3849,-0.31,331.00,617.75,258.00,1,294.05
4912.00,3880,-0.20,295.00,617.75,221.00,1,261.76
4913.00,3850,0.50,331.00,596.93,254.00,1,296.12
4915.00,3973,-0.87,188.00,596.93,123.00,2,153.37
4915.00,3996,106.76,53.00,615.10,0.00,0,17.54
4916.00,3897,-0.43,279.00,617.75,204.00,1,241.15
4917.00,3864,2.84,316.00,596.93,238.00,1,288.79
4917.00,4007,98.67,50.00,615.10,0.00,0,14.30
4918.00,3904,-0.76,273.00,617.75,196.00,1,239.03
4922.00,3881,0.61,303.00,596.93,220.00,1,265.73
4922.00,3909,3.29,267.00,617.75,188.00,1,227.54
4923.00,4011,95.91,54.00,617.75,0.00,0,24.74
4924.00,3905,-0.95,278.00,596.93,195.00,1,242.55
4925.00,3943,-0.17,233.00,617.75,154.00,2,203.11
4925.00,4037,77.97,43.00,615.10,0.00,0,5.92
4926.00,3900,0.00,285.00,596.93,204.00,2,254.18
4927.00,3941,1.21,236.00,617.75,156.00,1,195.77
4928.00,3907,-0.33,279.00,596.93,196.00,2,246.73
4929.00,3920,-0.80,265.00,596.93,179.00,2,238.42
4929.00,3954,-0.26,224.00,617.75,145.00,1,192.44
4932.00,3956,-0.64,225.00,617.75,143.00,1,190.57
4933.00,4053,70.93,39.00,615.10,0.00,0,8.69
4935.00,3957,-0.83,227.00,617.75,142.00,1,191.57
4935.00,3959,-0.21,224.00,596.93,134.00,1,186.63
4937.00,3986,111.66,82.00,617.75,0.00,0,45.90
4938.00,3912,0.72,282.00,596.93,194.00,4,244.62
4938.00,4054,72.74,41.00,615.10,0.00,0,7.62
4939.00,3940,-0.60,251.00,596.93,161.00,3,221.16
4939.00,3988,110.28,83.00,617.75,0.00,0,48.38
4940.00,3990,109.90,82.00,617.75,0.00,0,54.29
4943.00,3951,-0.69,242.00,596.93,146.00,2,204.55
4944.00,3968,0.08,222.00,596.93,126.00,2,189.09
4945.00,4065,65.65,42.00,615.10,0.00,0,7.62
4946.00,3979,116.99,94.00,596.93,2.00,1,61.04
4946.00,3991,109.71,87.00,617.75,0.00,0,49.63
4946.00,4058,70.98,46.00,615.10,0.00,0,15.05
4947.00,4027,83.87,71.00,617.75,0.00,0,36.36
4948.00,4002,101.62,84.00,596.93,0.00,0,53.45
4949.00,4017,89.77,79.00,596.93,0.00,0,49.15
4949.00,4036,78.16,68.00,617.75,0.00,0,32.38
4950.00,3866,1.46,348.00,617.75,301.00,1,319.50
4951.00,3872,2.32,341.00,596.93,301.00,1,312.39
4951.00,4039,77.59,67.00,617.75,0.00,0,37.81
4954.00,4042,76.02,68.00,617.75,0.00,0,33.34
4955.00,4020,89.20,82.00,596.93,0.00,0,45.67
4956.00,3877,-0.63,343.00,596.93,300.00,1,316.70
4959.00,3879,-0.01,343.00,617.75,295.00,1,308.95
4960.00,3882,-0.58,341.00,615.10,294.00,1,305.99
4961.00,3898,3.38,319.00,596.93,272.00,1,286.55
4963.00,3888,-0.72,337.00,615.10,289.00,1,300.92
4963.00,3894,-0.86,330.00,617.75,280.00,1,293.71
4963.00,3896,2.76,324.00,615.10,275.00,1,291.32
4965.00,3895,0.95,329.00,615.10,277.00,1,297.58
4965.00,3919,-0.61,302.00,617.75,254.00,1,272.11
4966.00,3911,-0.09,312.00,596.93,261.00,1,276.20
4966.00,3925,1.25,294.00,615.10,243.00,1,263.44
4967.00,3914,-0.66,310.00,596.93,260.00,1,280.79
4967.00,3927,6.87,287.00,605.00,237.00,1,254.84
4968.00,3926,3.06,293.00,615.10,241.00,2,260.90
4969.00,3924,-0.56,300.00,596.93,251.00,1,268.13
4970.00,3936,-0.84,287.00,615.10,235.00,1,253.32
4970.00,3938,-0.22,284.00,617.75,233.00,1,251.41
4970.00,3978,4.18,232.00,615.10,183.00,1,203.16
4971.00,3933,-0.27,291.00,596.93,241.00,1,260.71
4972.00,3942,-0.98,282.00,617.75,231.00,1,250.22
4973.00,3974,-0.06,244.00,596.93,194.00,1,212.74
4973.00,3982,5.42,229.00,615.10,179.00,1,192.77
4974.00,3946,-0.74,279.00,617.75,228.00,1,250.26
4975.00,3980,4.80,234.00,615.10,177.00,1,198.84
4978.00,3953,-0.07,274.00,617.75,220.00,1,239.88
4978.00,3983,7.23,231.00,615.10,176.00,1,191.76
4979.00,3977,2.37,244.00,596.93,189.00,1,214.43
4980.00,3955,0.55,273.00,617.75,217.00,1,241.12
4980.00,3976,0.56,248.00,596.93,190.00,1,208.20
4980.00,3989,6.09,227.00,615.10,173.00,1,200.19
4981.00,3997,3.57,221.00,615.10,169.00,1,192.85
4982.00,3984,9.04,232.00,596.93,175.00,1,200.48
4983.00,3963,-0.97,268.00,617.75,212.00,1,233.57
4983.00,4001,4.81,217.00,615.10,163.00,1,182.07
4983.00,4009,1.29,211.00,615.10,159.00,1,179.87
4984.00,4000,3.00,221.00,596.93,165.00,1,189.18
4985.00,4003,5.43,216.00,596.93,160.00,1,188.77
4986.00,3993,4.33,230.00,617.75,174.00,1,196.11
4986.00,4033,0.73,186.00,615.10,133.00,1,149.23
4987.00,4030,-0.70,192.00,615.10,142.00,1,155.94
4988.00,3995,3.95,230.00,617.75,174.00,1,197.78
4989.00,4010,3.10,214.00,596.93,157.00,1,182.50
4989.00,4026,-0.94,199.00,615.10,143.00,1,166.79
4989.00,4046,-0.74,175.00,615.10,123.00,1,143.17
4991.00,4082,0.42,133.00,615.10,81.00,1,95.82
4992.00,4032,-0.08,194.00,617.75,131.00,2,161.98
4993.00,4091,-0.29,125.00,615.10,73.00,1,89.47
4994.00,4055,-0.45,169.00,615.10,112.00,1,141.24
4994.00,4106,-0.14,108.00,615.10,57.00,1,75.32
4995.00,4022,-0.18,209.00,596.93,144.00,1,170.60
4995.00,4044,-0.36,183.00,617.75,122.00,1,148.63
4996.00,4111,-0.09,104.00,615.10,50.00,1,70.78
4997.00,4047,1.07,180.00,596.93,117.00,1,145.88
4997.00,4113,0.53,102.00,615.10,49.00,1,69.08
4998.00,4062,0.22,164.00,596.93,102.00,1,134.68
4998.00,4114,2.34,100.00,605.00,48.00,1,67.85
5000.00,4140,-0.60,74.00,615.10,22.00,1,41.66
5001.00,4063,2.03,164.00,596.93,98.00,1,129.36
5002.00,4143,-0.17,72.00,615.10,19.00,1,41.97
5003.00,4061,-0.59,171.00,617.75,108.00,1,135.27
5003.00,4068,1.08,161.00,596.93,97.00,1,127.86
5003.00,4118,0.58,102.00,615.10,45.00,1,66.03
5004.00,4057,0.17,176.00,617.75,109.00,1,133.92
5006.00,4064,3.84,166.00,617.75,100.00,1,128.21
5007.00,4069,2.89,162.00,617.75,98.00,1,128.40
5007.00,4076,-0.44,157.00,596.93,89.00,1,120.91
5008.00,4080,-0.20,153.00,596.93,86.00,1,120.25
5008.00,4171,-0.49,45.00,615.10,0.00,0,10.93
5010.00,4086,-0.34,148.00,596.93,83.00,1,122.41
5012.00,4105,-0.95,128.00,617.75,61.00,1,88.53
5013.00,4110,-0.90,123.00,617.75,56.00,1,92.12
5015.00,4098,-0.62,139.00,596.93,68.00,1,102.20
5015.00,4152,-0.88,75.00,617.75,7.00,1,40.65
5017.00,4157,-0.83,71.00,617.75,4.00,1,35.54
5017.00,4162,-0.78,65.00,596.93,0.00,0,32.94
5017.00,4189,-0.91,33.00,615.10,0.00,0,5.73
5018.00,4172,1.32,52.00,596.93,0.00,0,21.18
5021.00,4182,-0.58,45.00,617.75,0.00,0,12.12
5022.00,4173,3.13,53.00,617.75,0.00,0,12.73
5023.00,4191,-0.29,36.00,615.10,0.00,0,6.19
5026.00,4194,-0.86,36.00,615.10,0.00,0,5.81
5037.00,3948,-0.12,339.00,615.10,293.00,1,304.47
5037.00,3969,-0.11,314.00,615.10,267.00,1,279.88
5038.00,3952,-0.88,336.00,596.93,290.00,1,302.78
5039.00,3944,-0.36,346.00,617.75,297.00,1,308.34
5040.00,3981,-0.39,303.00,617.75,254.00,1,272.06
5040.00,3985,-0.15,298.00,615.10,245.00,1,261.31
5041.00,3962,-0.78,327.00,596.93,279.00,1,293.52
5042.00,3965,-0.35,324.00,596.93,277.00,1,293.83
5042.00,3987,0.47,297.00,615.10,246.00,1,263.98
5042.00,3992,-0.48,292.00,615.10,240.00,1,262.04
5043.00,4015,-0.85,266.00,615.10,217.00,1,237.71
5044.00,3994,0.14,291.00,617.75,242.00,1,262.16
5045.00,4038,-0.22,240.00,615.10,188.00,1,207.55
5046.00,3972,-0.68,320.00,596.93,269.00,1,287.52
5046.00,4005,1.05,279.00,617.75,229.00,1,249.97
5046.00,4043,-0.17,235.00,615.10,187.00,1,204.02
5048.00,3999,-0.81,290.00,586.83,242.00,1,259.65
5048.00,4012,-0.28,274.00,617.75,224.00,1,243.27
5048.00,4040,0.40,240.00,615.10,187.00,2,206.96
5050.00,4060,-0.40,219.00,615.10,166.00,1,184.38
5051.00,4004,-0.76,287.00,596.93,236.00,1,254.92
5052.00,4093,-0.67,182.00,615.10,133.00,1,151.11
5053.00,4016,0.96,273.00,596.93,221.00,1,241.17
5053.00,4112,-0.28,160.00,615.10,108.00,1,128.82
5054.00,4018,1.58,271.00,617.75,215.00,1,234.52
5054.00,4034,-0.46,254.00,596.93,204.00,1,225.25
5054.00,4070,-0.30,211.00,615.10,161.00,1,182.73
5056.00,4052,0.12,234.00,617.75,181.00,1,203.78
5057.00,4050,-0.50,238.00,596.93,185.00,1,208.89
5058.00,4071,1.51,212.00,607.65,158.00,1,180.90
5059.00,4121,-0.99,156.00,615.10,100.00,1,115.48
5060.00,4072,2.32,212.00,596.93,158.00,1,180.89
5061.00,4131,2.11,143.00,615.10,88.00,1,102.27
5063.00,4136,2.16,139.00,615.10,85.00,1,108.87
5064.00,4077,-0.63,213.00,617.75,156.00,1,176.20
5064.00,4160,-0.40,114.00,615.10,58.00,1,85.81
5065.00,4079,-0.01,211.00,596.93,152.00,1,174.84
5066.00,4081,0.61,209.00,617.75,150.00,1,173.99
5066.00,4087,-0.53,203.00,596.93,145.00,1,170.03
5066.00,4178,3.18,91.00,615.10,36.00,1,62.23
5067.00,4188,-0.72,84.00,615.10,31.00,1,59.49
5068.00,4130,0.30,153.00,596.93,95.00,1,121.13
5069.00,4201,1.81,68.00,615.10,13.00,1,34.05
5071.00,4090,-0.10,204.00,617.75,141.00,1,164.33
5071.00,4134,1.54,150.00,596.93,91.00,1,117.51
5071.00,4217,-0.23,53.00,605.00,0.00,0,17.15
5073.00,4119,-0.61,172.00,617.75,109.00,1,134.01
5074.00,4124,-0.56,167.00,617.75,104.00,1,134.67
5074.00,4156,-0.64,129.00,596.93,68.00,1,96.13
5076.00,4129,-0.51,163.00,617.75,100.00,1,133.53
5079.00,4141,-0.79,152.00,617.75,87.00,1,113.38
5080.00,4174,-0.06,113.00,596.93,47.00,1,73.25
5081.00,4144,-0.36,150.00,617.75,85.00,1,114.89
5081.00,4177,1.37,109.00,586.83,44.00,1,76.23
5082.00,4147,-0.93,148.00,617.75,83.00,1,115.90
5082.00,4236,-0.84,42.00,615.10,0.00,0,6.33
5083.00,4181,4.61,103.00,596.93,37.00,1,69.08
5084.00,4164,-0.16,129.00,617.75,66.00,1,95.58
5085.00,4240,1.40,38.00,615.10,0.00,0,7.60
5086.00,4176,0.56,116.00,617.75,51.00,1,87.31
5087.00,4197,-0.43,93.00,596.93,24.00,1,56.72
5089.00,4179,4.99,111.00,617.75,44.00,1,80.24
5089.00,4200,0.00,91.00,596.93,23.00,1,64.92
5090.00,4239,-0.41,46.00,596.93,0.00,0,13.95
5092.00,4192,-0.48,104.00,617.75,36.00,1,73.06
5094.00,4193,0.33,104.00,617.75,35.00,1,72.83
5095.00,4242,2.02,45.00,617.75,0.00,0,16.81
5096.00,4246,0.26,43.00,596.93,0.00,0,8.29
5099.00,4247,2.07,43.00,596.93,0.00,0,9.51
5105.00,4252,-0.88,46.00,617.75,0.00,0,7.63
5105.00,4255,-0.45,42.00,596.93,0.00,0,8.29
5106.00,4256,1.36,40.00,596.93,0.00,0,10.14
5107.00,4253,-0.07,46.00,617.75,0.00,0,11.55
5110.00,4257,3.17,41.00,596.93,0.00,0,9.01
5113.00,4258,4.98,41.00,615.10,0.00,0,5.00
5117.00,4262,3.22,42.00,617.75,0.00,0,7.63
5122.00,4056,-0.64,296.00,615.10,250.00,1,263.75
5123.00,4041,-0.79,315.00,617.75,268.00,1,282.71
5123.00,4049,1.69,303.00,615.10,257.00,1,269.27
5124.00,4059,-0.21,294.00,615.10,245.00,1,264.23
5125.00,4078,-0.82,273.00,596.93,226.00,1,238.45
5126.00,4048,-0.12,309.00,617.75,261.00,1,274.69
5126.00,4085,2.85,262.00,615.10,214.00,2,230.09
5128.00,4073,-0.87,282.00,617.75,233.00,1,249.14
5128.00,4083,-0.77,270.00,596.93,221.00,1,235.53
5128.00,4101,-0.19,248.00,615.10,197.00,2,214.19
5129.00,4092,0.52,259.00,617.75,212.00,1,230.59
5130.00,4125,2.25,219.00,615.10,172.00,1,186.53
5132.00,4127,2.87,218.00,615.10,169.00,1,184.53
5133.00,4084,1.04,272.00,596.93,218.00,1,232.60
5134.00,4104,-0.76,251.00,617.75,198.00,1,214.58
5135.00,4123,1.63,227.00,615.10,170.00,2,190.57
5136.00,4132,2.92,216.00,615.10,166.00,1,186.60
5137.00,4107,-0.33,250.00,617.75,195.00,1,212.32
5137.00,4115,-0.85,241.00,596.93,189.00,1,207.96
5138.00,4088,2.28,271.00,596.93,211.00,1,228.13
5138.00,4108,1.48,248.00,617.75,193.00,1,215.61
5138.00,4146,1.26,203.00,615.10,152.00,1,172.30
5139.00,4138,0.78,214.00,596.93,161.00,1,183.38
5139.00,4148,1.88,201.00,615.10,147.00,1,171.25
5141.00,4122,-0.18,236.00,617.75,183.00,1,201.16
5142.00,4139,2.59,214.00,596.93,158.00,1,179.67
5143.00,4169,3.89,178.00,615.10,125.00,1,139.11
5145.00,4145,-0.55,213.00,596.93,156.00,1,177.19
5145.00,4175,-0.25,177.00,615.10,123.00,1,138.72
5146.00,4128,4.68,229.00,617.75,170.00,1,191.81
5146.00,4149,3.69,205.00,596.93,149.00,1,171.73
5146.00,4228,1.68,113.00,615.10,62.00,1,79.38
5147.00,4135,2.35,224.00,617.75,168.00,1,191.50
5147.00,4219,0.39,126.00,615.10,74.00,1,95.56
5148.00,4154,0.74,204.00,615.10,146.00,1,172.38
5148.00,4235,8.35,100.00,615.10,50.00,1,69.13
5150.00,4165,-0.35,194.00,596.93,135.00,1,161.18
5150.00,4233,7.73,105.00,615.10,50.00,2,72.28
5152.00,4167,0.27,193.00,596.93,133.00,1,159.07
5153.00,4185,-0.15,173.00,617.75,112.00,1,138.07
5153.00,4271,-0.49,71.00,615.10,16.00,1,34.87
5154.00,4168,2.08,192.00,596.93,132.00,1,163.09
5154.00,4187,0.47,171.00,617.75,110.00,1,137.38
5156.00,4202,-0.38,156.00,596.93,95.00,1,123.98
5156.00,4205,-0.95,153.00,617.75,93.00,1,126.46
5157.00,4218,-0.42,138.00,617.75,79.00,1,108.85
5157.00,4273,1.13,71.00,605.00,13.00,1,30.59
5158.00,4275,-0.25,71.00,605.00,11.00,1,39.56
5160.00,4208,-0.52,153.00,596.93,90.00,1,119.75
5160.00,4232,5.92,118.00,615.10,57.00,1,88.26
5161.00,4243,4.83,107.00,617.75,46.00,1,75.21
5162.00,4209,1.29,152.00,596.93,88.00,1,118.67
5163.00,4227,-0.13,133.00,596.93,71.00,1,104.16
5165.00,4229,3.49,129.00,596.93,67.00,1,99.82
5165.00,4259,-0.21,97.00,617.75,35.00,1,61.37
5166.00,4261,-0.59,96.00,617.75,33.00,1,66.86
5168.00,4288,-0.72,66.00,617.75,2.00,1,37.04
5170.00,4306,-0.14,46.00,617.75,0.00,0,14.73
5172.00,4230,5.30,133.00,596.93,64.00,1,95.21
5173.00,4237,8.97,122.00,596.93,54.00,1,90.51
5178.00,4249,-0.31,122.00,596.93,52.00,1,83.25
5179.00,4250,1.50,120.00,596.93,51.00,1,90.71
5180.00,4266,-0.54,104.00,596.93,35.00,1,74.24
5180.00,4316,-0.04,44.00,617.75,0.00,0,8.48
5180.00,4319,2.39,38.00,615.10,0.00,0,5.68
5182.00,4267,1.27,103.00,596.93,33.00,1,71.44
5182.00,4318,0.58,43.00,617.75,0.00,0,9.08
5185.00,4276,1.56,95.00,596.93,24.00,1,64.16
5187.00,4325,1.25,39.00,615.10,0.00,0,5.89
5188.00,4277,3.37,95.00,596.93,23.00,1,64.02
5188.00,4321,3.01,43.00,617.75,0.00,0,6.66
5188.00,4329,2.49,34.00,615.10,0.00,0,5.18
5189.00,4279,3.99,93.00,596.93,22.00,1,65.80
5194.00,4291,-0.29,88.00,596.93,12.00,1,53.92
5197.00,4330,4.30,40.00,617.75,0.00,0,10.06
5199.00,4303,-0.57,79.00,596.93,0.00,0,40.25
5200.00,4307,0.67,74.00,596.93,0.00,0,42.20
5206.00,4035,76.35,328.00,596.93,247.00,1,292.52
5207.00,4067,69.27,298.00,617.75,248.00,1,262.37
5207.00,4075,63.75,294.00,615.10,245.00,1,257.69
5208.00,4045,74.45,320.00,596.93,245.00,1,286.57
5208.00,4095,48.95,286.00,615.10,238.00,1,251.07
5210.00,4103,58.43,269.00,615.10,221.00,1,234.30
5212.00,4150,26.50,247.00,615.10,197.00,1,211.36
5213.00,4051,70.31,322.00,596.93,245.00,1,283.92
5213.00,4074,62.94,302.00,617.75,246.00,1,260.55
5213.00,4151,28.31,245.00,605.00,195.00,1,209.15
5214.00,4066,67.46,308.00,596.93,244.00,1,276.98
5214.00,4089,50.09,298.00,617.75,244.00,1,264.78
5215.00,4096,50.76,290.00,617.75,240.00,1,260.29
5215.00,4170,28.70,224.00,615.10,174.00,1,187.67
5216.00,4094,47.14,297.00,596.93,244.00,1,265.87
5217.00,4099,54.19,285.00,617.75,234.00,1,257.65
5217.00,4137,4.97,289.00,586.83,240.00,1,263.39
5217.00,4213,2.53,201.00,615.10,150.00,1,165.50
5218.00,4222,-0.18,194.00,615.10,145.00,1,161.75
5219.00,4100,56.00,284.00,617.75,231.00,1,251.33
5219.00,4234,-0.46,181.00,615.10,132.00,1,149.80
5220.00,4241,-0.79,174.00,615.10,127.00,1,145.25
5221.00,4097,52.57,293.00,596.93,239.00,1,259.55
5222.00,4102,56.62,284.00,617.75,229.00,1,248.66
5222.00,4116,48.96,275.00,596.93,222.00,1,244.27
5222.00,4264,-0.16,148.00,615.10,98.00,1,115.93
5224.00,4120,50.20,271.00,596.93,218.00,1,240.59
5224.00,4272,-0.68,141.00,615.10,92.00,1,109.81
5227.00,4109,54.29,283.00,617.75,226.00,1,245.70
5227.00,4155,29.55,253.00,596.93,198.00,1,220.91
5228.00,4117,50.77,278.00,617.75,221.00,1,250.09
5228.00,4280,-0.20,135.00,615.10,84.00,1,98.74
5229.00,4282,0.42,133.00,615.10,82.00,1,96.84
5230.00,4126,46.06,274.00,617.75,218.00,1,240.80
5230.00,4158,28.98,253.00,596.93,197.00,1,220.02
5231.00,4283,2.23,132.00,615.10,80.00,1,101.84
5232.00,4133,40.73,273.00,617.75,216.00,1,240.63
5232.00,4296,-0.24,120.00,615.10,69.00,1,88.26
5232.00,4314,2.34,96.00,615.10,47.00,1,67.84
5233.00,4159,30.79,253.00,596.93,195.00,1,219.95
5236.00,4161,31.41,253.00,596.93,196.00,1,219.64
5238.00,4142,33.02,276.00,617.75,213.00,1,236.40
5238.00,4206,2.86,230.00,596.93,172.00,1,197.16
5239.00,4153,28.93,268.00,617.75,206.00,1,233.82
5239.00,4207,4.67,228.00,596.93,170.00,1,201.69
5239.00,4315,4.15,100.00,615.10,44.00,1,58.76
5241.00,4163,32.03,255.00,617.75,194.00,1,221.22
5241.00,4214,4.34,222.00,596.93,163.00,1,194.71
5241.00,4335,-0.65,83.00,615.10,29.00,1,50.24
5242.00,4336,1.16,81.00,615.10,26.00,1,43.31
5243.00,4166,30.46,255.00,617.75,192.00,1,219.20
5243.00,4244,-0.36,193.00,596.93,134.00,1,163.69
5244.00,4347,0.07,71.00,615.10,16.00,1,40.06
5247.00,4180,18.80,254.00,617.75,188.00,1,216.08
5248.00,4183,18.23,252.00,617.75,188.00,1,222.99
5248.00,4260,-0.40,179.00,596.93,115.00,1,146.51
5249.00,4374,0.94,43.00,615.10,0.00,0,5.64
5250.00,4184,19.04,252.00,617.75,187.00,1,215.47
5250.00,4313,0.53,117.00,596.93,53.00,1,83.94
5251.00,4378,-0.82,42.00,615.10,0.00,0,13.64
5252.00,4186,19.66,251.00,617.75,185.00,1,218.68
5254.00,4320,1.20,112.00,596.93,46.00,1,77.76
5254.00,4379,0.99,42.00,615.10,0.00,0,6.69
5255.00,4383,0.23,39.00,615.10,0.00,0,8.52
5256.00,4328,-0.32,106.00,596.93,38.00,1,72.89
5257.00,4199,9.19,251.00,617.75,182.00,1,218.96
5258.00,4190,17.90,254.00,617.75,184.00,1,212.87
5259.00,4337,2.97,95.00,596.93,26.00,1,60.39
5260.00,4210,4.10,246.00,617.75,177.00,1,208.29
5264.00,4204,2.24,259.00,617.75,216.00,1,228.16
5265.00,4195,0.95,272.00,596.93,224.00,1,235.81
5265.00,4245,-0.55,214.00,615.10,165.00,1,184.06
5267.00,4196,2.76,271.00,596.93,222.00,1,237.92
5267.00,4254,-0.26,205.00,615.10,158.00,1,175.74
5268.00,4198,3.38,269.00,596.93,222.00,1,239.67
5268.00,4203,0.43,266.00,615.10,215.00,1,225.44
5269.00,4211,-0.09,258.00,617.75,209.00,1,222.31
5271.00,4216,2.96,251.00,617.75,202.00,1,220.03
5272.00,4212,1.72,258.00,596.93,209.00,1,224.26
5272.00,4220,1.20,249.00,617.75,200.00,1,218.70
5272.00,4295,1.95,159.00,615.10,108.00,1,121.75
5273.00,4304,-0.76,152.00,615.10,101.00,1,116.70
5274.00,4215,1.15,257.00,596.93,207.00,1,225.84
5275.00,4221,3.01,249.00,617.75,198.00,1,215.36
5275.00,4326,-0.94,128.00,615.10,75.00,1,93.07
5276.00,4345,1.45,104.00,615.10,53.00,1,71.97
5278.00,4226,6.06,243.00,617.75,192.00,1,209.53
5278.00,4351,-0.69,101.00,615.10,47.00,1,73.52
5279.00,4224,2.44,250.00,596.93,196.00,1,213.69
5280.00,4248,-0.12,225.00,617.75,172.00,1,192.51
5280.00,4353,1.93,98.00,615.10,46.00,1,62.19
5282.00,4251,-0.69,224.00,617.75,172.00,1,194.23
5283.00,4225,4.25,251.00,596.93,194.00,1,212.58
5283.00,4360,2.60,92.00,615.10,39.00,1,53.62
5285.00,4263,-0.97,213.00,596.93,158.00,1,183.85
5285.00,4270,-0.30,204.00,617.75,150.00,1,169.10
5285.00,4368,2.08,85.00,615.10,34.00,1,54.70
5286.00,4284,-0.96,189.00,596.93,134.00,1,156.90
5286.00,4391,-0.29,61.00,615.10,10.00,1,31.31
5287.00,4293,1.33,177.00,617.75,120.00,1,143.10
5289.00,4289,0.09,185.00,596.93,129.00,1,157.01
5290.00,4297,2.57,174.00,617.75,118.00,1,140.63
5290.00,4400,1.00,53.00,615.10,0.00,0,11.76
5291.00,4287,-0.53,190.00,596.93,131.00,1,151.83
5292.00,4290,1.90,185.00,596.93,128.00,1,156.61
5293.00,4317,-0.23,156.00,617.75,99.00,1,122.47
5297.00,4308,-0.52,171.00,596.93,111.00,1,135.23
5297.00,4340,-0.60,133.00,617.75,71.00,1,97.99
5298.00,4342,0.02,131.00,617.75,71.00,1,99.95
5299.00,4344,-0.36,130.00,596.93,69.00,1,96.08
5301.00,4352,1.12,121.00,617.75,60.00,1,87.30
5301.00,4359,0.79,113.00,596.93,52.00,1,83.32
5303.00,4361,4.41,109.00,596.93,48.00,1,78.61
5306.00,4363,5.03,109.00,596.93,47.00,1,75.36
5307.00,4375,-0.25,101.00,596.93,37.00,1,70.94
5308.00,4358,-0.02,122.00,617.75,55.00,1,80.10
5308.00,4405,-0.95,67.00,617.75,1.00,1,36.83
5310.00,4421,-0.99,50.00,617.75,0.00,0,15.08
5311.00,4385,-0.15,93.00,596.93,28.00,1,60.44
5311.00,4427,-0.13,43.00,615.10,0.00,0,10.78
5312.00,4424,-0.56,48.00,617.75,0.00,0,15.45
5314.00,4395,-0.05,84.00,596.93,19.00,1,49.89
5317.00,4399,-0.81,83.00,596.93,13.00,1,48.72
5317.00,4439,-0.41,35.00,615.10,0.00,0,5.02
5318.00,4413,-0.47,67.00,596.93,0.00,0,35.02
5320.00,4415,0.15,66.00,596.93,0.00,0,35.95
5321.00,4440,1.40,36.00,615.10,0.00,0,5.13
5324.00,4430,-0.70,53.00,596.93,0.00,0,19.67
5325.00,4441,2.21,38.00,615.10,0.00,0,6.06
5326.00,4436,-0.84,48.00,596.93,0.00,0,17.57
5334.00,4449,1.69,38.00,615.10,0.00,0,4.90
5335.00,4448,-0.12,42.00,596.93,0.00,0,8.55
5340.00,4453,2.93,38.00,596.93,0.00,0,9.90
5344.00,4452,1.12,45.00,617.75,0.00,0,7.16
5355.00,4468,-0.92,39.00,617.75,0.00,0,10.27
5365.00,4473,-0.87,43.00,617.75,0.00,0,7.89
5369.00,4475,-0.25,44.00,617.75,0.00,0,7.79
5371.00,4480,-0.20,40.00,596.93,0.00,0,9.05
5374.00,4477,1.37,45.00,607.65,0.00,0,7.01
5374.00,4483,-0.77,40.00,615.10,0.00,0,5.19
5385.00,4265,2.65,307.00,596.93,266.00,1,276.80
5385.00,4274,0.94,298.00,617.75,254.00,1,269.40
5387.00,4268,2.08,306.00,596.93,263.00,1,274.29
5387.00,4294,-0.86,278.00,615.10,234.00,1,247.99
5388.00,4285,-0.15,289.00,615.10,242.00,1,253.14
5390.00,4301,1.81,270.00,615.10,222.00,1,235.91
5390.00,4302,3.62,267.00,617.75,219.00,2,239.09
5391.00,4299,1.19,274.00,615.10,228.00,1,243.62
5393.00,4269,3.89,309.00,596.93,258.00,1,271.54
5393.00,4322,-0.18,250.00,615.10,198.00,1,215.79
5394.00,4278,-0.82,304.00,596.93,254.00,1,272.65
5394.00,4332,0.92,238.00,615.10,187.00,1,206.46
5395.00,4305,3.05,269.00,617.75,215.00,1,236.02
5395.00,4333,2.73,236.00,615.10,189.00,1,210.56
5396.00,4281,-0.39,302.00,596.93,253.00,1,270.49
5396.00,4331,-0.89,243.00,617.75,195.00,1,212.76
5396.00,4369,-0.11,197.00,615.10,146.00,1,165.21
5397.00,4373,1.13,192.00,615.10,141.00,1,160.40
5398.00,4286,1.66,296.00,596.93,247.00,1,262.81
5399.00,4382,0.42,184.00,615.10,133.00,1,156.47
5400.00,4298,-0.62,286.00,596.93,237.00,1,254.80
5402.00,4323,1.63,256.00,596.93,206.00,1,227.46
5403.00,4406,-0.14,160.00,615.10,108.00,1,121.64
5404.00,4334,4.54,242.00,617.75,185.00,1,202.20
5405.00,4417,-0.23,149.00,615.10,97.00,1,115.68
5406.00,4349,-0.31,231.00,596.93,177.00,1,198.86
5406.00,4357,-0.83,222.00,617.75,168.00,1,189.41
5406.00,4426,-0.94,140.00,615.10,90.00,1,102.25
5407.00,4381,-0.39,194.00,617.75,139.00,1,160.45
5408.00,4387,-0.53,188.00,617.75,134.00,1,155.51
5408.00,4431,-0.89,136.00,615.10,85.00,1,99.78
5409.00,4366,-0.54,214.00,596.93,158.00,1,181.65
5410.00,4433,-0.27,135.00,615.10,83.00,1,105.55
5410.00,4463,4.03,95.00,615.10,46.00,1,64.22
5411.00,4371,0.51,209.00,596.93,154.00,1,179.47
5411.00,4388,0.28,189.00,617.75,134.00,1,157.30
5411.00,4459,-0.21,105.00,615.10,55.00,1,76.77
5412.00,4376,0.56,204.00,596.93,150.00,1,175.96
5413.00,4472,-0.68,92.00,615.10,42.00,1,61.29
5414.00,4389,1.09,190.00,617.75,132.00,1,157.63
5414.00,4481,-0.39,82.00,615.10,33.00,1,49.33
5416.00,4401,-0.19,179.00,617.75,122.00,1,146.02
5416.00,4498,2.38,61.00,615.10,11.00,1,27.31
5417.00,4434,1.54,139.00,596.93,79.00,1,104.24
5417.00,4476,-0.44,91.00,615.10,33.00,1,61.33
5419.00,4438,-0.22,138.00,596.93,78.00,1,108.65
5420.00,4420,-0.80,161.00,617.75,99.00,1,124.20
5421.00,4519,0.39,43.00,615.10,0.00,0,6.23
5422.00,4447,-0.93,131.00,617.75,71.00,1,99.72
5422.00,4460,1.60,113.00,596.93,52.00,1,79.34
5423.00,4489,-0.91,82.00,596.93,24.00,1,53.88
5424.00,4451,-0.69,128.00,617.75,67.00,1,93.15
5425.00,4461,3.41,113.00,617.75,52.00,1,83.45
5427.00,4467,2.27,109.00,617.75,49.00,1,78.27
5427.00,4490,0.90,83.00,596.93,22.00,1,50.33
5429.00,4492,3.52,80.00,596.93,20.00,1,49.25
5431.00,4528,2.68,40.00,615.10,0.00,0,7.07
5432.00,4491,2.71,85.00,617.75,22.00,1,49.55
5432.00,4496,1.76,80.00,596.93,17.00,1,47.03
5434.00,4499,4.19,76.00,596.93,12.00,1,44.84
5435.00,4518,-0.42,59.00,617.75,0.00,0,23.14
5436.00,4524,-0.56,53.00,596.93,0.00,0,22.11
5437.00,4520,2.20,56.00,617.75,0.00,0,20.14
5438.00,4525,1.25,52.00,617.75,0.00,0,20.57
5440.00,4527,0.87,52.00,596.93,0.00,0,17.73
5442.00,4530,3.30,48.00,596.93,0.00,0,15.43
5442.00,4532,3.92,45.00,617.75,0.00,0,12.71
5443.00,4533,4.73,44.00,596.93,0.00,0,13.75
5445.00,4537,2.97,43.00,617.75,0.00,0,8.82
5452.00,4548,-0.12,40.00,596.93,0.00,0,10.39
5458.00,4552,-0.88,42.00,617.75,0.00,0,7.62
5460.00,4554,-0.26,41.00,617.75,0.00,0,12.64
5468.00,4564,-0.16,37.00,615.10,0.00,0,5.25
5481.00,4566,0.46,47.00,615.10,0.00,0,4.70
5482.00,4573,-0.87,41.00,596.93,0.00,0,8.61
5483.00,4575,2.75,36.00,615.10,0.00,0,7.07
5486.00,4574,0.94,42.00,617.75,0.00,0,7.42
5491.00,4309,1.29,362.00,596.93,288.00,1,333.10
5493.00,4310,3.10,361.00,596.93,288.00,1,333.65
5494.00,4339,1.59,329.00,615.10,282.00,1,296.51
5494.00,4354,-0.26,313.00,615.10,263.00,1,282.37
5495.00,4338,-0.22,333.00,617.75,286.00,1,296.95
5497.00,4377,-0.63,289.00,615.10,240.00,1,257.65
5498.00,4327,1.87,347.00,596.93,288.00,1,314.87
5498.00,4386,-0.34,279.00,615.10,231.00,2,252.10
5499.00,4346,-0.74,328.00,617.75,277.00,1,287.14
5500.00,4348,-0.12,326.00,617.75,274.00,1,291.99
5500.00,4396,-0.24,269.00,615.10,219.00,1,237.94
5501.00,4356,3.36,314.00,596.93,265.00,1,280.10
5501.00,4407,-0.33,257.00,615.10,207.00,1,231.17
5502.00,4355,1.55,318.00,617.75,267.00,1,283.58
5503.00,4394,-0.86,275.00,615.10,225.00,1,243.13
5504.00,4364,-0.16,311.00,596.93,260.00,1,278.02
5504.00,4398,0.38,270.00,617.75,221.00,1,239.22
5505.00,4414,6.34,246.00,615.10,197.00,1,213.46
5506.00,4408,1.48,259.00,596.93,207.00,1,226.64
5506.00,4419,6.39,241.00,615.10,192.00,1,208.89
5508.00,4409,3.29,258.00,617.75,207.00,1,228.11
5508.00,4422,5.82,240.00,615.10,190.00,1,208.44
5509.00,4466,-0.54,195.00,615.10,146.00,1,164.28
5510.00,4412,5.72,254.00,615.10,201.00,1,222.59
5511.00,4411,3.91,258.00,596.93,202.00,1,220.16
5512.00,4429,0.49,241.00,596.93,187.00,1,213.28
5512.00,4470,-0.30,193.00,615.10,141.00,1,159.05
5513.00,4416,6.96,251.00,615.10,197.00,1,217.90
5513.00,4487,-0.53,174.00,615.10,122.00,1,142.42
5514.00,4432,-0.08,240.00,596.93,185.00,1,208.10
5515.00,4495,-0.05,166.00,615.10,115.00,1,132.24
5517.00,4456,-0.64,215.00,617.75,158.00,1,180.19
5517.00,4516,-0.04,143.00,615.10,89.00,1,113.69
5518.00,4442,-0.98,233.00,596.93,177.00,1,199.16
5518.00,4517,1.77,141.00,615.10,87.00,2,108.54
5520.00,4446,-0.74,230.00,596.93,174.00,1,199.88
5520.00,4488,1.28,178.00,615.10,123.00,1,148.93
5520.00,4551,-0.69,105.00,615.10,52.00,1,72.06
5521.00,4458,-0.02,216.00,596.93,160.00,1,186.84
5521.00,4464,-0.16,209.00,617.75,149.00,1,170.98
5522.00,4474,0.94,197.00,617.75,140.00,1,166.08
5522.00,4565,-0.35,90.00,615.10,42.00,1,57.37
5523.00,4593,1.33,56.00,615.10,3.00,1,27.09
5525.00,4493,-0.67,179.00,617.75,119.00,1,147.10
5525.00,4601,-0.19,50.00,615.10,0.00,0,18.54
5528.00,4471,1.51,206.00,596.93,144.00,1,167.08
5529.00,4485,-0.15,192.00,596.93,131.00,1,160.38
5530.00,4503,0.43,171.00,596.93,111.00,1,141.20
5531.00,4497,0.57,179.00,617.75,116.00,1,138.95
5532.00,4504,2.24,170.00,596.93,110.00,1,138.50
5534.00,4526,-0.94,149.00,617.75,87.00,1,115.66
5535.00,4522,-0.18,154.00,596.93,93.00,1,120.83
5536.00,4502,-0.38,179.00,617.75,111.00,1,132.87
5537.00,4531,-0.89,146.00,596.93,84.00,1,116.23
5537.00,4542,-0.98,133.00,617.75,70.00,1,101.93
5538.00,4545,-0.55,130.00,617.75,66.00,1,100.99
5539.00,4561,-0.59,112.00,596.93,48.00,1,81.38
5540.00,4621,1.01,40.00,615.10,0.00,0,14.36
5542.00,4570,-0.30,104.00,617.75,39.00,1,69.11
5542.00,4576,-0.44,97.00,596.93,32.00,1,64.47
5544.00,4598,1.38,71.00,617.75,6.00,1,39.53
5545.00,4579,-0.01,96.00,596.93,28.00,1,63.93
5546.00,4627,-0.13,40.00,615.10,0.00,0,8.16
5547.00,4584,-0.96,93.00,596.93,27.00,1,61.60
5548.00,4606,-0.14,67.00,617.75,0.00,0,28.54
5549.00,4592,-0.48,85.00,596.93,19.00,1,56.68
5552.00,4596,0.76,82.00,596.93,13.00,1,51.24
5554.00,4609,-0.71,70.00,596.93,3.00,1,39.66
5557.00,4620,-0.80,60.00,596.93,0.00,0,27.34
5558.00,4625,-0.75,55.00,596.93,0.00,0,27.09
5559.00,4223,1.63,532.00,617.75,466.00,2,501.59
5559.00,4638,-0.22,40.00,617.75,0.00,0,7.50
5561.00,4341,1.21,394.00,596.93,326.00,2,362.06
5562.00,4629,-0.51,54.00,596.93,0.00,0,23.46
5564.00,4631,0.11,53.00,596.93,0.00,0,23.52
5567.00,4643,-0.17,42.00,617.75,0.00,0,7.99
5568.00,4393,1.33,339.00,615.10,301.00,1,311.12
5571.00,4651,-0.69,37.00,615.10,0.00,0,6.11
5580.00,4653,-0.07,43.00,615.10,0.00,0,5.84
5581.00,4657,-0.83,40.00,617.75,0.00,0,8.43
5584.00,4659,-0.21,40.00,596.93,0.00,0,10.35
5590.00,4660,1.60,43.00,617.75,0.00,0,7.12
5593.00,4231,-0.89,559.00,617.75,486.00,3,531.40
5594.00,4343,1.83,424.00,596.93,347.00,3,391.21
5595.00,4238,-0.22,552.00,617.75,476.00,3,523.30
5596.00,4350,-0.50,420.00,596.93,340.00,3,389.90
5596.00,4410,-0.90,349.00,615.10,296.00,2,311.16
5596.00,4423,-0.37,333.00,615.10,275.00,2,301.27
5597.00,4435,-0.65,320.00,615.10,271.00,2,289.18
5598.00,4292,-0.48,491.00,607.65,414.00,3,461.50
5600.00,4445,2.45,308.00,615.10,255.00,2,274.56
5601.00,4300,0.00,484.00,617.75,404.00,3,452.63
5602.00,4365,-0.35,408.00,596.93,325.00,3,369.85
5602.00,4450,-0.50,307.00,615.10,250.00,2,272.76
5603.00,4370,-0.30,403.00,596.93,319.00,2,372.17
5604.00,4372,0.32,401.00,596.93,318.00,2,369.38
5604.00,4457,2.17,298.00,615.10,241.00,2,263.20
5605.00,4469,-0.11,287.00,615.10,230.00,2,259.31
5607.00,4312,-0.28,476.00,617.75,386.00,3,446.62
5607.00,4478,-0.82,279.00,615.10,222.00,2,248.17
5608.00,4311,-0.09,478.00,617.75,389.00,3,435.95
5608.00,4392,-0.48,382.00,596.93,315.00,2,346.12
5610.00,4324,-0.56,465.00,617.75,375.00,3,430.93
5610.00,4479,0.99,279.00,615.10,218.00,2,243.84
5612.00,4362,-0.78,422.00,617.75,331.00,3,388.24
5612.00,4482,0.42,278.00,615.10,217.00,2,243.22
5613.00,4367,0.27,416.00,617.75,324.00,3,383.35
5613.00,4397,-0.43,381.00,596.93,315.00,3,341.59
5613.00,4484,1.04,276.00,615.10,216.00,2,246.50
5615.00,4403,0.43,375.00,596.93,311.00,2,337.62
5615.00,4506,-0.14,253.00,615.10,192.00,2,217.32
5616.00,4380,2.80,401.00,617.75,313.00,2,366.34
5616.00,4418,-0.42,359.00,596.93,293.00,2,329.44
5617.00,4508,0.48,252.00,615.10,189.00,2,223.89
5618.00,4425,0.25,352.00,596.93,285.00,3,320.38
5619.00,4390,-0.10,395.00,617.75,312.00,2,367.83
5619.00,4509,2.29,251.00,615.10,188.00,2,214.75
5620.00,4428,0.68,350.00,586.83,284.00,3,320.00
5620.00,4546,-0.74,211.00,615.10,148.00,2,183.14
5621.00,4555,-0.45,201.00,615.10,138.00,2,168.41
5622.00,4454,-0.26,322.00,596.93,254.00,3,291.42
5623.00,4384,2.04,404.00,617.75,313.00,2,362.74
5623.00,4455,1.55,320.00,596.93,252.00,2,290.97
5623.00,4559,-0.21,198.00,615.10,136.00,3,163.96
5624.00,4402,-0.38,386.00,617.75,311.00,2,358.71
5625.00,4462,-0.78,316.00,596.93,247.00,2,287.80
5625.00,4572,-0.68,185.00,615.10,124.00,3,158.37
5626.00,4578,-0.82,179.00,615.10,115.00,2,146.57
5627.00,4404,2.24,384.00,617.75,312.00,2,351.12
5627.00,4589,-0.91,167.00,605.00,105.00,2,135.33
5629.00,4437,-0.03,349.00,617.75,280.00,2,316.00
5629.00,4465,-0.35,316.00,596.93,245.00,2,282.23
5634.00,4500,0.00,279.00,615.10,235.00,1,249.81
5636.00,4501,1.81,278.00,615.10,231.00,1,243.97
5638.00,4494,-0.86,291.00,596.93,245.00,1,258.72
5638.00,4513,1.53,266.00,615.10,216.00,1,234.80
5640.00,4507,-0.33,277.00,617.75,228.00,1,240.98
5641.00,4510,-0.90,275.00,617.75,225.00,1,240.62
5641.00,4529,-0.51,252.00,596.93,204.00,1,219.99
5641.00,4535,-0.65,245.00,615.10,195.00,1,209.04
5642.00,4486,-0.34,304.00,596.93,247.00,1,258.11
5643.00,4539,-0.41,242.00,596.93,193.00,1,212.98
5643.00,4543,-0.17,237.00,615.10,186.00,1,206.84
5644.00,4582,3.42,188.00,615.10,135.00,1,158.14
5645.00,4544,1.64,236.00,596.93,188.00,1,205.35
5646.00,4511,0.91,277.00,617.75,223.00,1,237.57
5646.00,4550,-0.50,232.00,596.93,184.00,1,204.72
5646.00,4604,-0.76,168.00,615.10,116.00,1,135.10
5647.00,4514,3.34,272.00,617.75,219.00,1,235.50
5648.00,4612,-0.28,160.00,615.10,110.00,1,124.01
5649.00,4515,5.15,271.00,617.75,218.00,1,236.32
5650.00,4523,-0.37,268.00,617.75,216.00,1,235.18
5651.00,4558,0.98,226.00,596.93,173.00,1,192.10
5652.00,4553,-0.07,234.00,617.75,182.00,1,203.54
5652.00,4616,-0.04,159.00,615.10,105.00,1,119.26
5653.00,4571,-0.49,214.00,596.93,160.00,1,185.32
5653.00,4646,-0.74,125.00,615.10,72.00,1,97.18
5654.00,4557,-0.83,232.00,617.75,179.00,1,200.33
5654.00,4581,1.61,201.00,596.93,148.00,1,171.26
5655.00,4663,-0.97,107.00,615.10,54.00,1,72.98
5656.00,4672,1.32,95.00,615.10,44.00,1,68.02
5657.00,4563,-0.97,228.00,607.65,174.00,1,194.87
5658.00,4586,3.66,197.00,596.93,141.00,1,163.51
5658.00,4710,-0.90,54.00,615.10,1.00,1,24.50
5659.00,4599,-0.81,187.00,596.93,131.00,1,160.54
5661.00,4569,-0.11,224.00,607.65,168.00,1,186.70
5661.00,4712,-0.28,54.00,615.10,0.00,0,13.43
5662.00,4580,-0.20,212.00,617.75,155.00,1,177.69
5663.00,4622,-0.18,163.00,596.93,107.00,1,129.27
5664.00,4725,-0.75,42.00,615.10,0.00,0,6.01
5665.00,4583,5.23,206.00,617.75,148.00,1,169.61
5666.00,4608,-0.52,183.00,617.75,127.00,1,152.34
5666.00,4628,-0.32,159.00,596.93,100.00,1,125.76
5667.00,4630,1.30,156.00,586.83,97.00,1,128.24
5671.00,4615,-0.85,180.00,617.75,118.00,1,140.78
5672.00,4617,1.77,176.00,607.65,116.00,1,143.29
5672.00,4727,2.87,44.00,615.10,0.00,0,5.95
5673.00,4728,4.68,42.00,615.10,0.00,0,11.19
5674.00,4639,0.59,153.00,596.93,89.00,1,121.18
5675.00,4637,-0.03,157.00,596.93,92.00,1,116.79
5677.00,4633,-0.27,164.00,617.75,99.00,1,124.37
5677.00,4650,0.50,143.00,596.93,79.00,1,109.22
5678.00,4655,0.55,138.00,596.93,75.00,1,109.64
5679.00,4649,-0.31,147.00,617.75,82.00,1,113.43
5680.00,4654,-0.26,142.00,617.75,78.00,1,107.06
5681.00,4671,-0.49,123.00,596.93,57.00,1,90.25
5682.00,4668,-0.92,128.00,617.75,63.00,1,93.78
5683.00,4693,0.33,98.00,596.93,34.00,1,65.76
5684.00,4734,7.54,43.00,615.10,0.00,0,5.70
5685.00,4695,0.95,97.00,596.93,32.00,1,70.49
5686.00,4683,-0.77,114.00,617.75,48.00,1,79.60
5687.00,4692,-0.48,104.00,617.75,38.00,1,70.47
5689.00,4702,-0.38,94.00,596.93,26.00,1,60.32
5689.00,4723,-0.37,69.00,617.75,3.00,1,39.45
5691.00,4703,1.43,93.00,596.93,24.00,1,62.43
5691.00,4745,4.45,40.00,615.10,0.00,0,6.08
5694.00,4730,5.30,60.00,617.75,0.00,0,22.14
5696.00,4726,1.06,71.00,596.93,0.00,0,32.86
5697.00,4731,7.11,60.00,617.75,0.00,0,22.66
5698.00,4733,6.73,59.00,617.75,0.00,0,29.31
5698.00,4737,6.97,54.00,596.93,0.00,0,26.38
5699.00,4750,1.50,45.00,596.93,0.00,0,16.04
5700.00,4739,7.59,53.00,617.75,0.00,0,19.94
5702.00,4744,3.64,53.00,617.75,0.00,0,20.03
5703.00,4759,-0.21,40.00,617.75,0.00,0,8.80
5708.00,4590,-0.10,246.00,615.10,204.00,1,218.08
5709.00,4577,3.37,259.00,615.10,214.00,1,227.20
5709.00,4585,-0.15,253.00,596.93,210.00,1,223.55
5710.00,4587,0.47,251.00,617.75,205.00,1,217.89
5711.00,4597,0.57,240.00,617.75,196.00,1,208.66
5713.00,4595,-0.05,245.00,596.93,197.00,1,210.79
5713.00,4600,0.00,239.00,615.10,187.00,1,203.04
5713.00,4605,0.05,233.00,615.10,187.00,1,200.14
5714.00,4610,-0.90,229.00,615.10,180.00,2,200.54
5715.00,4603,-0.57,238.00,596.93,193.00,1,209.03
5716.00,4645,1.45,187.00,615.10,135.00,2,155.14
5718.00,4614,0.34,227.00,617.75,176.00,1,191.40
5718.00,4665,1.65,165.00,615.10,114.00,2,130.61
5719.00,4611,0.91,231.00,596.93,181.00,1,196.73
5720.00,4648,0.88,188.00,617.75,137.00,1,152.51
5720.00,4673,1.13,158.00,615.10,106.00,1,122.05
5720.00,4678,1.18,152.00,615.10,99.00,1,120.53
5721.00,4623,-0.37,220.00,596.93,170.00,1,192.27
5721.00,4666,3.46,165.00,617.75,114.00,1,139.82
5722.00,4694,-0.86,137.00,615.10,86.00,2,105.32
5724.00,4636,-0.84,208.00,586.83,156.00,1,174.63
5724.00,4677,-0.63,159.00,615.10,107.00,1,126.29
5724.00,4711,-0.09,118.00,615.10,69.00,1,87.50
5726.00,4644,-0.36,200.00,596.93,147.00,1,168.60
5726.00,4716,-0.04,114.00,615.10,64.00,1,81.08
5727.00,4722,-0.18,108.00,605.00,60.00,1,78.10
5728.00,4686,-0.34,152.00,617.75,96.00,1,115.54
5729.00,4662,-0.78,182.00,596.93,127.00,1,149.31
5730.00,4698,-0.62,140.00,617.75,85.00,1,107.41
5730.00,4754,-0.26,73.00,615.10,22.00,1,38.49
5731.00,4664,-0.16,181.00,596.93,127.00,1,152.40
5732.00,4705,-0.95,134.00,617.75,79.00,1,101.12
5734.00,4667,5.27,175.00,596.93,120.00,1,143.47
5735.00,4706,-0.14,135.00,617.75,77.00,1,100.84
5739.00,4681,0.61,168.00,596.93,107.00,1,131.59
5739.00,4707,0.67,137.00,617.75,76.00,1,99.59
5740.00,4709,0.29,136.00,617.75,76.00,1,105.67
5741.00,4701,-0.19,147.00,596.93,87.00,1,113.71
5742.00,4719,-0.61,127.00,617.75,69.00,1,93.15
5745.00,4735,-0.65,111.00,596.93,49.00,1,72.05
5747.00,4720,0.20,130.00,617.75,66.00,1,92.73
5747.00,4740,-0.60,107.00,596.93,44.00,1,72.11
5748.00,4721,1.01,129.00,617.75,66.00,1,93.21
5752.00,4676,0.56,187.00,615.10,143.00,1,157.87
5752.00,4684,-0.96,179.00,615.10,135.00,1,150.11
5755.00,4661,3.41,205.00,617.75,159.00,1,169.65
5755.00,4680,-0.20,186.00,596.93,141.00,1,155.07
5757.00,4674,-0.06,195.00,617.75,148.00,1,162.77
5758.00,4685,0.85,182.00,596.93,136.00,1,149.34
5758.00,4687,1.47,179.00,615.10,129.00,1,140.34
5758.00,4715,0.15,147.00,615.10,102.00,1,119.67
5760.00,4704,-0.76,163.00,615.10,111.00,2,132.47
5761.00,4697,-0.43,172.00,617.75,121.00,1,134.33
5761.00,4738,-0.22,123.00,615.10,69.00,1,95.29
5762.00,4689,2.09,180.00,596.93,131.00,1,144.98
5765.00,4521,-0.99,386.00,596.93,312.00,3,356.73
5767.00,4443,-0.17,480.00,617.75,407.00,3,448.22
5767.00,4536,-0.84,370.00,596.93,296.00,3,342.84
5767.00,4602,-0.38,291.00,615.10,224.00,3,259.77
5770.00,4444,1.64,480.00,617.75,405.00,3,446.11
5770.00,4607,-0.33,288.00,615.10,220.00,3,252.49
5772.00,4538,-0.22,372.00,596.93,291.00,4,338.76
5772.00,4613,-0.47,283.00,615.10,209.00,3,247.96
5774.00,4505,-0.95,414.00,617.75,334.00,3,378.81
5774.00,4626,-0.94,270.00,615.10,196.00,3,241.34
5775.00,4635,1.35,258.00,615.10,182.00,3,223.79
5776.00,4512,2.72,404.00,607.65,326.00,5,375.47
5776.00,4549,-0.31,363.00,596.93,280.00,4,326.29
5777.00,4534,-0.46,382.00,617.75,300.00,3,352.73
5778.00,4560,1.60,350.00,596.93,266.00,3,318.97
5778.00,4642,1.02,253.00,615.10,178.00,3,215.44
5780.00,4562,2.22,349.00,596.93,263.00,3,315.40
5780.00,4669,-0.11,224.00,615.10,147.00,3,190.37
5781.00,4540,0.40,378.00,617.75,294.00,3,343.86
5781.00,4670,1.70,222.00,615.10,144.00,3,188.94
5783.00,4541,0.21,379.00,617.75,294.00,4,349.41
5783.00,4567,-0.73,349.00,596.93,262.00,3,315.07
5783.00,4679,-0.01,215.00,615.10,139.00,3,181.17
5784.00,4691,-0.29,202.00,615.10,133.00,2,170.70
5784.00,4696,-0.24,196.00,615.10,129.00,2,164.73
5785.00,4591,-0.29,322.00,596.93,234.00,3,290.26
5786.00,4682,-0.58,215.00,615.10,138.00,2,184.19
5787.00,4547,1.07,375.00,617.75,285.00,3,338.32
5787.00,4618,-0.42,292.00,615.10,200.00,3,260.19
5788.00,4632,-0.08,276.00,615.10,187.00,3,247.89
5788.00,4700,0.00,195.00,615.10,128.00,2,167.20
5789.00,4556,1.36,366.00,617.75,275.00,3,336.30
5791.00,4568,1.08,354.00,617.75,261.00,3,318.88
5791.00,4640,-0.60,270.00,615.10,181.00,3,235.89
5792.00,4708,-0.52,190.00,615.10,125.00,1,152.30
5793.00,4652,-0.88,258.00,596.93,166.00,3,226.58
5794.00,4588,-0.72,335.00,617.75,240.00,3,299.95
5794.00,4732,-0.08,163.00,615.10,111.00,1,135.10
5796.00,4594,-0.86,330.00,617.75,236.00,3,295.16
5797.00,4619,1.39,299.00,617.75,205.00,3,266.93
5797.00,4753,-0.07,141.00,615.10,87.00,1,101.73
5797.00,4758,-0.02,135.00,615.10,83.00,1,102.44
5798.00,4656,-0.64,258.00,596.93,161.00,3,222.49
5798.00,4773,-0.87,119.00,615.10,67.00,1,87.55
5799.00,4675,-0.25,236.00,615.10,139.00,3,209.14
5800.00,4688,-0.72,222.00,596.93,139.00,2,194.64
5801.00,4724,-0.56,180.00,596.93,121.00,1,152.13
5801.00,4824,-0.56,61.00,615.10,9.00,1,24.95
5802.00,4624,-0.56,300.00,617.75,203.00,3,261.58
5804.00,4634,0.54,289.00,617.75,190.00,3,253.66
5805.00,4763,1.03,136.00,615.10,76.00,1,95.64
5805.00,4765,1.65,133.00,596.93,72.00,1,103.43
5806.00,4842,-0.98,45.00,615.10,0.00,0,12.84
5809.00,4641,1.21,285.00,617.75,184.00,3,243.48
5809.00,4769,-0.11,134.00,596.93,71.00,1,99.87
5810.00,4647,-0.93,281.00,617.75,177.00,3,245.60
5811.00,4784,-0.96,119.00,596.93,59.00,1,90.41
5811.00,4849,-0.31,41.00,615.10,0.00,0,8.62
5812.00,4658,-0.02,269.00,617.75,162.00,4,233.17
5814.00,4714,-0.66,205.00,617.75,124.00,1,169.00
5814.00,4787,-0.53,118.00,596.93,56.00,1,84.39
5816.00,4717,-0.23,203.00,617.75,125.00,1,173.93
5817.00,4718,0.58,202.00,617.75,124.00,1,174.10
5817.00,4826,0.06,74.00,596.93,10.00,1,40.49
5820.00,4827,1.87,74.00,596.93,9.00,1,39.24
5822.00,4736,-0.84,187.00,617.75,118.00,1,149.65
5826.00,4772,-0.68,148.00,615.10,102.00,1,114.66
5827.00,4786,1.66,130.00,615.10,83.00,1,100.14
5828.00,4776,1.56,143.00,617.75,96.00,1,106.30
5829.00,4766,-0.54,158.00,615.10,108.00,1,120.32
5829.00,4775,-0.25,147.00,596.93,99.00,1,112.72
5830.00,4779,0.99,142.00,617.75,94.00,1,108.67
5830.00,4799,-0.81,120.00,615.10,70.00,1,87.10
5831.00,4782,3.42,137.00,596.93,90.00,1,104.50
5832.00,4781,1.61,141.00,617.75,92.00,1,106.22
5832.00,4837,0.97,75.00,615.10,25.00,1,44.51
5833.00,4846,0.26,66.00,615.10,20.00,1,36.71
5834.00,4795,0.95,127.00,617.75,76.00,1,92.72
5836.00,4794,-0.86,132.00,596.93,80.00,1,94.92
5837.00,4825,-0.75,96.00,617.75,44.00,1,59.77
5837.00,4844,-0.36,73.00,615.10,18.00,1,37.40
5838.00,4816,-0.04,107.00,596.93,53.00,1,70.34
5838.00,4850,-0.50,67.00,615.10,18.00,1,33.17
5840.00,4836,-0.84,86.00,596.93,33.00,1,51.76
5840.00,4861,-0.59,56.00,615.10,3.00,1,25.03
5842.00,4831,-0.89,94.00,617.75,39.00,1,55.05
5843.00,4838,2.78,83.00,617.75,28.00,1,49.36
5844.00,4851,1.31,70.00,596.93,13.00,1,33.22
5845.00,4855,-0.45,68.00,617.75,13.00,1,33.76
5847.00,4874,-0.06,47.00,596.93,0.00,0,9.83
5852.00,4880,-0.20,45.00,617.75,0.00,0,6.82
5855.00,4889,1.09,36.00,615.10,0.00,0,5.63
5858.00,4888,-0.72,42.00,617.75,0.00,0,7.88
5867.00,4890,2.90,45.00,596.93,0.00,0,8.27
5869.00,4892,3.52,44.00,596.93,0.00,0,13.61
5870.00,4900,0.00,39.00,596.93,0.00,0,11.36
5878.00,4905,-0.95,42.00,596.93,0.00,0,8.97
5884.00,4908,-0.52,44.00,617.75,0.00,0,7.24
5885.00,4911,-0.09,41.00,596.93,0.00,0,9.07
5887.00,4917,-0.23,36.00,615.10,0.00,0,5.52
5894.00,4923,-0.37,36.00,615.10,0.00,0,5.92
5901.00,4919,0.39,47.00,617.75,0.00,0,7.49
5906.00,4927,-0.13,43.00,596.93,0.00,0,8.91
5906.00,4931,1.11,37.00,615.10,0.00,0,5.54
5907.00,4928,1.68,41.00,617.75,0.00,0,9.79
5915.00,4933,1.73,43.00,596.93,0.00,0,8.67
5916.00,4938,1.78,38.00,615.10,0.00,0,6.39
5917.00,4937,-0.03,42.00,596.93,0.00,0,11.10
5919.00,4941,1.21,38.00,596.93,0.00,0,9.81
5923.00,4946,-0.74,38.00,615.10,0.00,0,6.15
5924.00,4949,-0.31,35.00,615.10,0.00,0,6.29
5943.00,4741,1.21,300.00,596.93,237.00,2,270.02
5944.00,4742,3.02,298.00,617.75,233.00,2,268.49
5946.00,4749,-0.31,295.00,596.93,231.00,2,264.29
5946.00,4801,1.81,231.00,615.10,184.00,1,196.69
5947.00,4746,1.26,298.00,617.75,231.00,2,265.30
5949.00,4777,-0.63,265.00,617.75,197.00,2,235.85
5949.00,4803,2.43,231.00,615.10,182.00,1,195.25
5950.00,4764,-0.16,281.00,596.93,213.00,2,246.77
5952.00,4768,-0.92,279.00,596.93,209.00,2,247.09
5952.00,4811,0.91,226.00,615.10,175.00,1,188.12
5953.00,4813,4.53,221.00,615.10,171.00,1,188.39
5955.00,4791,-0.29,254.00,617.75,191.00,1,216.71
5955.00,4817,5.77,217.00,615.10,163.00,1,187.80
5956.00,4771,-0.49,279.00,596.93,205.00,2,244.19
5956.00,4804,4.24,235.00,617.75,186.00,1,205.72
5956.00,4819,6.39,215.00,615.10,164.00,2,183.85
5958.00,4783,-0.77,267.00,596.93,195.00,2,237.53
5958.00,4823,9.63,209.00,615.10,158.00,1,177.63
5959.00,4800,0.00,247.00,596.93,190.00,1,217.35
5959.00,4805,5.05,236.00,617.75,184.00,1,200.03
5960.00,4821,7.01,216.00,617.75,161.00,1,185.90
5960.00,4833,3.73,205.00,615.10,153.00,1,172.97
5961.00,4812,2.72,232.00,596.93,181.00,1,202.34
5961.00,4841,0.21,200.00,615.10,147.00,1,167.42
5963.00,4822,7.82,217.00,617.75,160.00,1,185.54
5963.00,4852,-0.88,190.00,615.10,137.00,1,158.42
5964.00,4864,-0.16,176.00,615.10,123.00,1,141.45
5965.00,4814,6.34,230.00,596.93,176.00,1,198.55
5965.00,4834,5.54,207.00,615.10,152.00,1,173.06
5966.00,4828,5.68,215.00,596.93,160.00,1,186.88
5966.00,4882,-0.58,157.00,615.10,104.00,1,125.04
5967.00,4848,0.88,197.00,615.10,143.00,1,166.93
5968.00,4912,-0.28,123.00,615.10,70.00,1,88.92
5973.00,4690,3.90,388.00,596.93,335.00,2,356.50
5974.00,4755,-0.45,316.00,615.10,264.00,2,283.83
5975.00,4762,-0.78,309.00,615.10,255.00,2,279.40
5976.00,4699,0.19,384.00,596.93,330.00,2,352.12
5977.00,4729,-0.51,350.00,617.75,291.00,2,312.26
5978.00,4713,-0.47,370.00,596.93,314.00,2,338.31
5979.00,4747,-0.93,331.00,617.75,272.00,2,294.06
5979.00,4778,-0.82,294.00,615.10,233.00,2,259.59
5980.00,4785,-0.15,286.00,615.10,227.00,2,258.13
5981.00,4748,-0.12,331.00,617.75,270.00,2,296.11
5982.00,4743,-0.17,338.00,596.93,278.00,2,304.78
5983.00,4751,-0.69,330.00,596.93,272.00,2,303.42
5985.00,4790,-0.10,285.00,615.10,222.00,2,245.03
5986.00,4780,-0.20,298.00,617.75,236.00,2,262.91
5986.00,4792,0.52,283.00,615.10,223.00,2,252.82
5986.00,4793,3.33,279.00,605.00,220.00,2,250.99
5987.00,4774,-0.06,306.00,617.75,240.00,2,264.37
5988.00,4757,0.17,327.00,596.93,263.00,2,291.06
5988.00,4797,-0.43,280.00,615.10,216.00,2,241.60
5989.00,4796,-0.24,282.00,617.75,219.00,2,250.44
5990.00,4767,-0.73,318.00,596.93,252.00,2,285.88
5990.00,4808,0.48,268.00,615.10,204.00,1,233.81
5991.00,4798,1.38,280.00,596.93,215.00,2,248.58
5991.00,4818,0.58,257.00,615.10,202.00,1,225.39
5993.00,4802,-0.38,279.00,617.75,212.00,2,243.12
5993.00,4832,-0.08,243.00,615.10,190.00,1,213.10
5994.00,4807,-0.33,274.00,617.75,208.00,2,247.37
5995.00,4839,-0.41,237.00,615.10,183.00,2,202.54
5996.00,4860,-0.40,213.00,615.10,157.00,1,179.72
5997.00,4809,2.29,272.00,617.75,204.00,2,238.51
5997.00,4810,4.10,269.00,596.93,203.00,1,231.23
5998.00,4883,-0.77,188.00,615.10,131.00,1,157.41
5999.00,4815,1.15,268.00,596.93,203.00,1,244.10
5999.00,4820,1.20,262.00,617.75,202.00,1,228.60
5999.00,4840,1.40,238.00,615.10,181.00,1,205.69
5999.00,4915,0.15,150.00,615.10,98.00,1,118.79
6000.00,4830,-0.70,253.00,596.93,196.00,1,221.62
6001.00,4934,-0.46,130.00,615.10,77.00,1,93.53
6005.00,4829,2.49,256.00,596.93,189.00,2,225.73
6006.00,4752,-0.88,352.00,617.75,281.00,2,320.54
6006.00,4858,-0.02,225.00,615.10,180.00,1,192.66
6008.00,4835,-0.65,255.00,596.93,186.00,2,223.03
6010.00,4859,1.79,226.00,615.10,176.00,1,188.01
6011.00,4756,-0.64,352.00,607.65,278.00,2,312.79
6011.00,4863,0.03,224.00,596.93,177.00,1,191.28
6012.00,4867,-0.73,221.00,596.93,175.00,1,191.90
6012.00,4870,-0.30,217.00,615.10,165.00,1,180.92
6013.00,4760,0.60,348.00,617.75,273.00,2,311.46
6013.00,4871,1.51,215.00,615.10,165.00,1,178.87
6014.00,4761,1.41,347.00,617.75,268.00,2,312.63
6015.00,4876,1.56,211.00,615.10,163.00,1,178.43
6015.00,4885,-0.15,202.00,596.93,154.00,1,171.08
6016.00,4770,1.70,338.00,617.75,261.00,2,307.17
6016.00,4895,-0.05,191.00,615.10,139.00,1,158.47
6018.00,4898,-0.62,190.00,615.10,135.00,2,159.81
6019.00,4788,1.28,320.00,617.75,240.00,2,286.57
6019.00,4878,2.18,212.00,615.10,161.00,1,183.17
6019.00,4909,2.29,175.00,615.10,124.00,1,143.61
6020.00,4789,1.09,320.00,617.75,239.00,2,290.42
6020.00,4916,-0.04,170.00,596.93,121.00,1,142.08
6021.00,4899,1.19,190.00,615.10,135.00,2,160.47
6021.00,4907,1.67,180.00,615.10,124.00,1,149.01
6023.00,4945,-0.55,139.00,615.10,86.00,1,104.83
6024.00,4806,-0.14,305.00,617.75,225.00,2,271.51
6024.00,4935,-0.65,152.00,615.10,95.00,1,120.82
6024.00,4973,-0.87,107.00,615.10,58.00,1,77.90
6025.00,4952,1.12,131.00,615.10,75.00,1,99.21
6026.00,4997,-0.43,80.00,615.10,31.00,1,48.07
6027.00,4962,-0.78,123.00,596.93,72.00,1,93.82
6027.00,5012,-0.28,63.00,615.10,14.00,1,31.41
6029.00,4872,3.32,228.00,617.75,170.00,1,188.31
6030.00,4881,1.61,220.00,617.75,165.00,1,186.92
6032.00,4886,1.66,216.00,617.75,161.00,1,182.73
6036.00,4975,-0.25,116.00,615.10,68.00,1,80.07
6036.00,4992,-0.48,96.00,615.10,49.00,1,64.79
6037.00,4965,-0.35,129.00,615.10,82.00,1,98.18
6037.00,4982,1.42,107.00,615.10,61.00,1,76.80
6038.00,4978,-0.82,115.00,617.75,66.00,1,78.07
6038.00,5002,-0.38,86.00,615.10,37.00,2,60.49
6039.00,4966,1.46,128.00,596.93,80.00,1,92.71
6040.00,4985,0.85,107.00,617.75,60.00,1,75.99
6040.00,5008,2.48,78.00,615.10,31.00,1,47.08
6041.00,4981,-0.39,114.00,596.93,66.00,1,80.38
6041.00,5023,-0.37,64.00,615.10,15.00,1,33.66
6042.00,4987,1.47,106.00,596.93,58.00,1,77.05
6044.00,5003,1.43,89.00,617.75,37.00,1,52.92
6044.00,5033,-0.27,55.00,615.10,5.00,1,22.32
6045.00,4996,-0.24,100.00,596.93,51.00,1,68.30
6045.00,5041,-0.79,47.00,615.10,0.00,0,16.96
6046.00,5007,-0.33,88.00,617.75,37.00,1,55.07
6050.00,4998,0.38,102.00,596.93,48.00,1,64.82
6050.00,5045,-0.55,47.00,615.10,0.00,0,13.49
6051.00,5009,4.29,86.00,617.75,30.00,1,45.75
6052.00,5010,6.10,84.00,607.65,29.00,1,54.74
6054.00,5014,3.34,84.00,617.75,29.00,1,53.25
6056.00,5028,-0.32,73.00,617.75,17.00,1,41.20
6057.00,5025,0.25,77.00,596.93,15.00,1,32.87
6057.00,5052,-0.88,46.00,617.75,0.00,0,15.47
6058.00,5063,-0.97,34.00,615.10,0.00,0,5.82
6059.00,5056,-0.64,43.00,617.75,0.00,0,11.91
6059.00,5059,-0.21,39.00,596.93,0.00,0,10.84
6071.00,5067,-0.73,42.00,617.75,0.00,0,8.65
6071.00,5070,1.70,36.00,615.10,0.00,0,6.04
6075.00,5069,-0.11,43.00,596.93,0.00,0,8.15
6080.00,5073,1.13,42.00,596.93,0.00,0,8.59
6086.00,5077,-0.63,45.00,596.93,0.00,0,8.82
6087.00,5082,1.42,38.00,615.10,0.00,0,5.86
6088.00,5081,-0.39,42.00,617.75,0.00,0,7.82
6092.00,5084,2.04,40.00,596.93,0.00,0,10.85
6092.00,5086,2.66,37.00,617.75,0.00,0,9.38
6098.00,5088,3.28,40.00,617.75,0.00,0,7.63
6098.00,5089,5.09,37.00,615.10,0.00,0,5.34
6103.00,5091,5.71,39.00,615.10,0.00,0,4.54
6106.00,5093,6.33,39.00,617.75,0.00,0,8.89
6107.00,5096,5.76,37.00,596.93,0.00,0,9.03
6117.00,5110,-0.90,37.00,615.10,0.00,0,5.57
6126.00,5115,1.15,38.00,615.10,0.00,0,5.75
6127.00,5114,-0.66,42.00,615.10,0.00,0,5.25
6132.00,4862,-0.78,347.00,617.75,291.00,2,317.30
6133.00,4847,-0.93,366.00,596.93,308.00,2,332.94
6134.00,4866,0.46,343.00,615.10,283.00,2,313.50
6135.00,4853,0.93,359.00,596.93,299.00,2,326.26
6135.00,4929,0.49,269.00,615.10,209.00,2,232.25
6136.00,4940,1.40,256.00,615.10,197.00,2,221.65
6137.00,4960,0.60,234.00,615.10,179.00,2,207.70
6138.00,4887,-0.53,323.00,617.75,261.00,2,290.62
6139.00,4936,-0.84,266.00,615.10,204.00,2,239.26
6140.00,4967,-0.73,230.00,615.10,168.00,2,194.97
6141.00,4925,-0.75,281.00,617.75,217.00,2,246.98
6141.00,4984,0.04,210.00,615.10,155.00,1,176.94
6142.00,4857,-0.83,363.00,596.93,295.00,2,322.79
6143.00,4877,-0.63,340.00,596.93,274.00,2,305.50
6143.00,4944,2.64,257.00,617.75,192.00,2,227.00
6143.00,4986,0.66,209.00,615.10,154.00,1,177.13
6144.00,4901,-0.19,312.00,596.93,245.00,2,278.80
6145.00,4994,0.14,202.00,615.10,151.00,1,168.78
6146.00,4902,1.62,311.00,596.93,243.00,2,280.80
6148.00,4988,1.28,211.00,615.10,150.00,1,174.45
6149.00,4913,1.53,301.00,596.93,230.00,2,268.06
6149.00,4957,-0.83,251.00,617.75,181.00,2,216.46
6149.00,5004,-0.76,195.00,615.10,144.00,1,163.22
6150.00,4921,-0.99,295.00,596.93,225.00,2,267.97
6151.00,4958,0.98,250.00,617.75,180.00,2,222.90
6151.00,5006,-0.14,194.00,615.10,144.00,1,158.16
6152.00,4970,-0.30,238.00,617.75,169.00,2,209.07
6153.00,5011,-0.09,190.00,615.10,139.00,1,156.01
6154.00,5022,1.82,176.00,615.10,126.00,1,147.77
6156.00,4926,1.06,293.00,596.93,216.00,2,256.43
6156.00,5019,-0.61,184.00,615.10,128.00,2,151.44
6157.00,4977,-0.63,235.00,617.75,165.00,2,198.60
6158.00,4932,-0.08,289.00,596.93,212.00,3,256.25
6159.00,4979,-0.01,234.00,617.75,160.00,2,203.04
6160.00,4868,-0.92,368.00,615.10,310.00,2,339.94
6162.00,4843,0.83,398.00,596.93,339.00,2,366.53
6162.00,4954,-0.26,267.00,615.10,209.00,2,234.99
6163.00,4959,2.79,259.00,615.10,203.00,2,228.53
6165.00,4845,2.45,397.00,586.83,336.00,2,363.53
6166.00,4869,0.89,371.00,617.75,308.00,2,334.99
6167.00,4854,-0.26,391.00,596.93,327.00,2,358.49
6167.00,4956,3.36,266.00,615.10,201.00,3,230.01
6169.00,4856,0.36,390.00,596.93,325.00,2,360.14
6169.00,4893,-0.67,347.00,617.75,282.00,2,315.85
6169.00,4961,4.41,261.00,605.00,196.00,3,230.47
6170.00,4999,-0.81,222.00,615.10,159.00,2,191.76
6171.00,4865,-0.35,382.00,596.93,317.00,2,350.90
6171.00,4884,1.04,358.00,617.75,290.00,2,316.14
6172.00,5021,-0.99,198.00,615.10,147.00,1,166.88
6173.00,4910,-0.90,331.00,617.75,263.00,2,298.15
6173.00,5034,0.54,182.00,615.10,130.00,1,152.22
6174.00,4914,-0.66,327.00,617.75,260.00,2,298.67
6175.00,5048,-0.12,168.00,615.10,116.00,1,137.18
6176.00,4873,-0.87,378.00,596.93,307.00,2,342.45
6176.00,4930,-0.70,310.00,617.75,241.00,2,282.40
6176.00,5050,3.50,163.00,615.10,114.00,1,131.84
6178.00,4875,-0.25,377.00,596.93,305.00,2,344.13
6178.00,5062,-0.78,155.00,615.10,104.00,1,122.84
6179.00,4969,-0.11,266.00,617.75,197.00,2,234.46
6179.00,5120,-0.80,87.00,615.10,39.00,1,58.15
6182.00,4879,-0.01,376.00,596.93,302.00,2,339.64
6182.00,5124,0.44,84.00,615.10,34.00,1,51.03
6183.00,4894,0.14,359.00,596.93,285.00,2,328.09
6184.00,4976,0.56,262.00,617.75,186.00,2,223.85
6185.00,4980,-0.20,259.00,617.75,184.00,2,224.71
6186.00,5128,-0.32,84.00,615.10,32.00,1,47.79
6187.00,4896,0.76,360.00,596.93,283.00,2,322.91
6187.00,4991,-0.29,248.00,617.75,171.00,2,214.52
6187.00,5130,3.30,79.00,615.10,24.00,1,49.02
6188.00,5001,-0.19,237.00,617.75,160.00,2,207.50
6189.00,4897,2.57,359.00,596.93,281.00,2,324.43
6189.00,5141,1.21,70.00,615.10,18.00,1,35.78
6191.00,4918,-0.42,339.00,596.93,261.00,2,305.17
6192.00,5013,-0.47,227.00,617.75,148.00,1,190.47
6193.00,4955,1.55,295.00,596.93,218.00,2,266.37
6195.00,4974,-0.06,276.00,596.93,199.00,2,244.60
6195.00,5016,-0.04,226.00,617.75,147.00,1,189.59
6197.00,4989,-0.91,261.00,596.93,181.00,2,230.52
6200.00,4993,-0.67,259.00,596.93,179.00,2,228.25
6200.00,5049,1.69,190.00,617.75,126.00,1,150.64
6201.00,5064,-0.16,175.00,617.75,113.00,1,138.60
6202.00,5065,0.65,174.00,617.75,110.00,1,139.01
6204.00,5074,-0.06,166.00,617.75,104.00,1,133.68
6205.00,5017,0.77,234.00,596.93,152.00,1,197.86
6207.00,5032,-0.08,219.00,596.93,151.00,1,190.43
6207.00,5078,-0.82,165.00,617.75,101.00,1,129.87
6209.00,5038,-0.22,214.00,596.93,149.00,1,182.77
6210.00,5095,-0.05,147.00,596.93,92.00,1,119.40
6210.00,5106,-0.14,134.00,617.75,69.00,1,99.55
6212.00,5117,-0.23,123.00,596.93,69.00,1,94.13
6213.00,5112,-0.28,130.00,617.75,63.00,1,93.88
6215.00,5113,0.53,130.00,617.75,63.00,1,103.11
6217.00,5154,-0.26,84.00,596.93,26.00,1,49.46
6218.00,5039,1.59,220.00,596.93,149.00,2,190.19
6218.00,5133,2.73,107.00,617.75,40.00,1,70.79
6220.00,5057,-0.83,203.00,596.93,130.00,1,177.31
6220.00,5135,2.35,107.00,617.75,38.00,1,71.21
6222.00,5158,-0.02,84.00,617.75,15.00,1,50.48
6223.00,5174,-0.06,66.00,617.75,0.00,0,34.39
6226.00,5177,-0.63,66.00,617.75,0.00,0,31.60
6228.00,5187,-0.53,56.00,617.75,0.00,0,25.61
6229.00,5066,1.46,199.00,596.93,117.00,1,156.08
6229.00,5068,2.08,196.00,596.93,117.00,1,159.89
6231.00,5079,-0.01,187.00,596.93,108.00,1,151.71
6232.00,5198,1.38,45.00,615.10,0.00,0,10.72
6233.00,5080,1.80,186.00,596.93,106.00,1,152.07
6235.00,5083,1.23,185.00,596.93,105.00,1,151.70
6237.00,5210,-0.90,38.00,615.10,0.00,0,8.82
6238.00,5100,0.00,169.00,596.93,87.00,1,135.44
6238.00,5207,-0.33,42.00,617.75,0.00,0,8.82
6239.00,5129,1.49,134.00,596.93,53.00,1,103.06
6242.00,5122,-0.18,147.00,596.93,66.00,2,114.15
6243.00,5211,0.91,41.00,617.75,0.00,0,9.77
6245.00,5214,0.34,40.00,615.10,0.00,0,5.38
6246.00,5140,-0.60,130.00,596.93,47.00,2,93.93
6248.00,5166,-0.54,101.00,596.93,14.00,2,68.37
6250.00,5170,-0.30,98.00,596.93,9.00,1,65.90
6254.00,5184,-0.96,86.00,596.93,0.00,0,51.25
6255.00,5191,-0.29,78.00,586.83,0.00,0,45.14
6256.00,5226,1.06,36.00,615.10,0.00,0,5.75
6258.00,5197,-0.43,74.00,596.93,0.00,0,40.94
6260.00,5200,2.00,70.00,596.93,0.00,0,39.09
6265.00,4968,-0.92,354.00,596.93,296.00,2,322.44
6265.00,5035,-0.65,274.00,615.10,228.00,1,245.11
6268.00,4972,-0.68,352.00,586.83,293.00,2,321.12
6269.00,5037,2.97,272.00,615.10,224.00,1,237.99
6270.00,4891,-0.29,450.00,617.75,386.00,2,409.77
6270.00,4903,-0.57,436.00,617.75,368.00,3,403.71
6271.00,5024,-0.56,293.00,596.93,233.00,2,260.38
6272.00,5030,-0.70,287.00,596.93,231.00,1,256.92
6272.00,5042,0.02,272.00,615.10,222.00,1,235.30
6273.00,4904,1.24,436.00,617.75,364.00,3,400.34
6274.00,4906,0.86,435.00,617.75,364.00,3,404.41
6275.00,5085,-0.15,224.00,615.10,173.00,1,193.96
6276.00,5044,1.64,272.00,615.10,218.00,1,231.85
6277.00,4920,-0.80,423.00,617.75,356.00,2,390.25
6277.00,5031,1.11,289.00,596.93,231.00,1,255.05
6277.00,5090,-0.10,220.00,615.10,171.00,1,189.68
6279.00,4922,-0.18,422.00,617.75,353.00,3,388.63
6279.00,5036,1.16,285.00,596.93,230.00,1,251.65
6279.00,5116,-0.04,191.00,615.10,138.00,1,158.06
6280.00,5136,-0.84,169.00,615.10,119.00,1,141.34
6281.00,5053,-0.07,268.00,596.93,216.00,1,236.47
6282.00,4924,-0.56,423.00,617.75,351.00,2,389.27
6282.00,5149,-0.31,155.00,615.10,106.00,1,122.01
6283.00,4943,-0.17,401.00,617.75,333.00,3,369.78
6290.00,5138,-0.22,176.00,615.10,128.00,1,142.02
6290.00,5145,-0.55,168.00,617.75,125.00,1,139.29
6291.00,5119,-0.61,200.00,615.10,153.00,1,165.16
6291.00,5125,-0.75,193.00,596.93,147.00,1,161.26
6292.00,5132,-0.08,185.00,615.10,136.00,1,147.10
6294.00,5148,-0.12,168.00,615.10,118.00,1,131.65
6295.00,5161,1.41,152.00,615.10,101.00,2,124.32
6295.00,5162,3.22,149.00,615.10,102.00,1,115.73
6296.00,5153,-0.07,164.00,617.75,113.00,1,126.15
6296.00,5156,-0.64,161.00,596.93,112.00,1,124.39
6297.00,5178,-0.82,136.00,615.10,85.00,1,103.96
6298.00,5160,-0.40,158.00,596.93,109.00,1,122.57
6298.00,5208,2.48,98.00,615.10,46.00,1,68.46
6300.00,5179,0.99,136.00,617.75,85.00,1,99.35
6300.00,5218,2.58,88.00,615.10,39.00,1,58.43
6302.00,5167,-0.73,154.00,596.93,101.00,1,117.16
6302.00,5216,-0.04,95.00,615.10,41.00,2,61.00
6303.00,5188,-0.72,130.00,596.93,77.00,1,99.01
6305.00,5189,1.09,129.00,596.93,76.00,1,96.84
6305.00,5213,-0.47,102.00,617.75,49.00,1,67.20
6305.00,5222,0.82,90.00,615.10,37.00,1,52.52
6306.00,5204,1.24,112.00,617.75,56.00,1,70.61
6307.00,5193,-0.67,128.00,596.93,74.00,1,96.54
6307.00,5217,1.77,97.00,617.75,39.00,1,67.80
6308.00,5224,1.44,90.00,615.10,36.00,1,57.00
6309.00,5228,-0.32,88.00,615.10,31.00,1,46.25
6310.00,5235,-0.65,81.00,615.10,26.00,2,52.17
6311.00,5203,-0.57,120.00,596.93,63.00,1,86.04
6312.00,5205,3.05,115.00,596.93,60.00,1,85.20
6312.00,5240,-0.60,77.00,615.10,25.00,1,49.33
6314.00,5230,1.30,89.00,617.75,31.00,1,51.40
6315.00,5270,2.70,41.00,615.10,0.00,0,6.42
6316.00,5250,-0.50,69.00,617.75,12.00,1,32.53
6317.00,5236,1.16,85.00,596.93,25.00,1,48.23
6317.00,5268,-0.92,49.00,615.10,0.00,0,16.79
6318.00,5253,0.93,66.00,617.75,9.00,1,30.90
6319.00,5244,-0.36,79.00,596.93,18.00,1,43.46
6321.00,5269,0.89,50.00,617.75,0.00,0,17.00
6322.00,5271,4.51,45.00,617.75,0.00,0,14.48
6322.00,5276,1.56,42.00,615.10,0.00,0,10.03
6323.00,5246,-0.74,81.00,596.93,17.00,1,43.76
6325.00,5252,-0.88,76.00,596.93,12.00,1,45.44
6326.00,5259,-0.21,68.00,586.83,7.00,1,39.87
6328.00,5265,-0.35,63.00,596.93,1.00,1,32.13
6328.00,5277,3.37,45.00,617.75,0.00,0,9.62
6334.00,5288,-0.72,42.00,596.93,0.00,0,7.79
6339.00,4939,-0.41,462.00,596.93,383.00,3,427.09
6340.00,4983,-0.77,411.00,617.75,334.00,4,377.68
6340.00,5020,1.20,365.00,615.10,301.00,3,330.20
6341.00,4942,2.02,458.00,596.93,377.00,3,427.65
6341.00,4990,1.90,401.00,617.75,331.00,4,372.79
6341.00,5047,1.07,334.00,615.10,275.00,2,300.60
6342.00,5054,-0.26,328.00,615.10,271.00,2,301.14
6343.00,4948,-0.12,455.00,596.93,376.00,3,422.30
6344.00,5071,-0.49,310.00,615.10,252.00,2,282.20
6345.00,5000,0.00,395.00,617.75,328.00,2,361.52
6346.00,4953,-0.07,452.00,596.93,367.00,3,418.10
6346.00,5087,-0.53,293.00,615.10,233.00,2,263.28
6347.00,4963,0.03,441.00,596.93,356.00,3,410.30
6347.00,5040,-0.60,350.00,617.75,286.00,2,316.26
6349.00,4971,0.51,433.00,596.93,347.00,3,404.92
6349.00,5046,-0.74,345.00,615.10,278.00,2,309.70
6350.00,5101,-0.19,280.00,615.10,216.00,2,246.66
6351.00,5051,-0.69,341.00,617.75,275.00,2,309.06
6351.00,5102,1.62,278.00,615.10,215.00,2,245.88
6353.00,4995,1.95,407.00,596.93,325.00,2,375.38
6353.00,5108,0.48,274.00,615.10,208.00,2,241.60
6354.00,5109,2.29,272.00,615.10,208.00,2,245.74
6355.00,5026,0.06,374.00,596.93,306.00,2,341.48
6355.00,5055,1.55,338.00,617.75,269.00,2,305.74
6356.00,5118,-0.42,266.00,615.10,204.00,2,230.72
6358.00,5058,-0.02,339.00,617.75,267.00,3,303.49
6358.00,5137,-0.03,245.00,615.10,184.00,2,211.80
6359.00,5029,-0.51,375.00,596.93,303.00,2,341.39
6359.00,5061,-0.59,337.00,617.75,264.00,2,306.56
6360.00,5164,0.84,214.00,615.10,162.00,1,177.54
6362.00,5075,0.75,322.00,617.75,250.00,2,290.68
6362.00,5168,0.08,212.00,615.10,159.00,1,176.11
6364.00,5072,1.32,327.00,596.93,254.00,2,290.19
6364.00,5185,-0.15,194.00,615.10,143.00,1,158.43
6365.00,5190,-0.10,189.00,615.10,138.00,1,157.46
6366.00,5076,1.56,324.00,596.93,247.00,2,288.06
6366.00,5092,-0.48,307.00,617.75,231.00,2,276.35
6367.00,5094,-0.86,306.00,617.75,230.00,2,276.61
6367.00,5215,-0.85,162.00,615.10,112.00,1,129.74
6368.00,5098,-0.62,302.00,596.93,225.00,3,270.17
6369.00,5111,2.91,284.00,617.75,208.00,2,256.97
6369.00,5248,-0.12,124.00,615.10,73.00,1,88.00
6371.00,5260,0.60,111.00,615.10,60.00,1,76.50
6372.00,5121,-0.99,279.00,617.75,201.00,2,247.15
6372.00,5279,0.99,89.00,615.10,36.00,1,58.93
6373.00,5131,-0.89,268.00,596.93,190.00,2,236.05
6374.00,5104,2.24,298.00,596.93,216.00,2,257.87
6374.00,5291,-0.29,78.00,615.10,26.00,1,41.85
6376.00,5292,1.52,77.00,615.10,24.00,1,44.43
6377.00,5126,-0.94,278.00,617.75,197.00,2,239.38
6377.00,5127,-0.13,276.00,617.75,196.00,2,245.94
6377.00,5134,-0.46,268.00,596.93,186.00,2,232.41
6377.00,5298,0.38,72.00,615.10,20.00,1,39.25
6379.00,5139,0.59,263.00,617.75,182.00,2,235.95
6380.00,5151,-0.69,251.00,596.93,170.00,1,213.73
6382.00,5155,-0.45,248.00,596.93,169.00,1,218.56
6383.00,5142,-0.98,265.00,617.75,181.00,2,230.57
6385.00,5143,-0.17,265.00,617.75,178.00,2,234.61
6385.00,5157,0.17,248.00,596.93,169.00,1,212.52
6387.00,5239,-0.41,153.00,596.93,98.00,2,118.93
6388.00,5258,-0.02,131.00,596.93,75.00,1,101.25
6389.00,5144,-0.36,268.00,617.75,176.00,2,230.60
6391.00,5165,2.65,242.00,617.75,165.00,1,206.79
6392.00,5172,-0.68,238.00,617.75,165.00,1,204.98
6394.00,5159,0.79,254.00,596.93,171.00,3,216.38
6398.00,5176,2.56,236.00,617.75,164.00,1,196.06
6398.00,5263,3.03,132.00,596.93,66.00,1,92.37
6399.00,5278,-0.82,119.00,596.93,55.00,1,82.52
6400.00,5180,-0.20,236.00,617.75,163.00,1,197.99
6401.00,5163,-0.97,258.00,596.93,174.00,5,223.55
6401.00,5181,0.61,235.00,617.75,163.00,1,208.15
6403.00,5182,1.42,235.00,617.75,162.00,1,205.90
6403.00,5296,-0.24,101.00,596.93,34.00,1,69.29
6404.00,5194,-0.86,224.00,617.75,153.00,1,195.25
6404.00,5328,-0.32,64.00,615.10,0.00,0,23.67
6405.00,5173,0.13,249.00,596.93,172.00,3,217.41
6406.00,5175,0.75,247.00,596.93,171.00,3,219.76
6406.00,5202,-0.38,216.00,617.75,146.00,1,183.03
6406.00,5338,-0.22,54.00,615.10,0.00,0,19.25
6407.00,5340,1.40,51.00,615.10,0.00,0,23.57
6408.00,5212,-0.28,206.00,617.75,134.00,1,177.12
6409.00,5347,0.07,46.00,615.10,0.00,0,10.19
6411.00,5223,-0.37,196.00,617.75,124.00,1,165.12
6412.00,5196,-0.24,229.00,596.93,145.00,2,191.79
6414.00,5206,-0.14,219.00,596.93,135.00,2,187.92
6416.00,5241,0.21,179.00,617.75,105.00,1,142.34
6417.00,5232,-0.08,191.00,596.93,107.00,2,155.86
6418.00,5282,1.42,131.00,617.75,56.00,1,98.33
6419.00,5229,-0.51,197.00,617.75,118.00,1,168.16
6420.00,5243,-0.17,181.00,596.93,95.00,2,143.83
6420.00,5361,1.41,39.00,615.10,0.00,0,7.50
6422.00,5261,2.41,159.00,596.93,70.00,1,126.80
6423.00,5267,1.27,154.00,596.93,64.00,2,123.37
6423.00,5281,1.61,137.00,617.75,57.00,1,101.27
6428.00,5283,1.23,140.00,596.93,47.00,2,103.81
6428.00,5339,1.59,73.00,617.75,0.00,0,41.01
6430.00,5302,-0.38,121.00,617.75,38.00,2,78.34
6431.00,5346,-0.74,70.00,617.75,0.00,0,37.09
6433.00,5307,-0.33,118.00,596.93,23.00,2,77.96
6433.00,5313,-0.47,111.00,596.93,16.00,1,78.92
6433.00,5348,1.88,67.00,617.75,0.00,0,35.48
6434.00,5355,-0.45,62.00,617.75,0.00,0,36.80
6435.00,5325,-0.75,99.00,596.93,3.00,1,65.30
6435.00,5379,-0.01,34.00,615.10,0.00,0,5.43
6437.00,5333,-0.27,91.00,596.93,0.00,0,60.02
6441.00,5351,0.31,73.00,596.93,0.00,0,36.79
6443.00,5360,-0.40,65.00,596.93,0.00,0,35.48
6448.00,5220,-0.80,237.00,596.93,183.00,1,207.32
6450.00,5225,-0.75,233.00,596.93,182.00,1,202.95
6450.00,5234,-0.46,222.00,615.10,174.00,1,187.87
6450.00,5264,-0.16,186.00,615.10,138.00,1,157.58
6451.00,5231,-0.89,227.00,617.75,180.00,1,191.41
6452.00,5237,-0.03,220.00,596.93,175.00,1,189.97
6453.00,5247,-0.93,210.00,617.75,162.00,1,177.17
6453.00,5299,-0.81,148.00,615.10,99.00,1,116.14
6454.00,5303,3.43,140.00,615.10,92.00,1,108.78
6455.00,5257,-0.83,200.00,617.75,152.00,1,166.12
6456.00,5238,1.78,221.00,596.93,173.00,1,188.70
6456.00,5310,0.10,137.00,615.10,90.00,1,107.61
6458.00,5318,-0.42,130.00,615.10,81.00,1,97.52
6459.00,5272,-0.68,186.00,617.75,133.00,1,149.62
6460.00,5242,0.02,222.00,596.93,171.00,1,187.27
6461.00,5300,1.00,153.00,617.75,100.00,1,116.94
6462.00,5341,-0.79,107.00,615.10,55.00,1,69.96
6463.00,5251,-0.69,215.00,596.93,161.00,1,178.89
6463.00,5301,2.81,152.00,617.75,100.00,1,121.27
6463.00,5349,-0.31,98.00,615.10,46.00,1,67.21
6465.00,5368,1.08,76.00,615.10,25.00,1,46.43
6466.00,5275,-0.25,189.00,596.93,133.00,1,152.80
6466.00,5375,-0.25,70.00,615.10,20.00,1,35.01
6468.00,5280,-0.20,185.00,596.93,131.00,1,155.26
6468.00,5306,2.86,151.00,617.75,94.00,1,111.06
6468.00,5377,0.37,69.00,615.10,19.00,1,32.39
6470.00,5312,0.72,148.00,617.75,91.00,1,108.45
6470.00,5386,-0.34,61.00,615.10,8.00,1,28.98
6471.00,5315,-0.85,147.00,617.75,90.00,1,115.17
6472.00,5284,-0.96,185.00,596.93,127.00,1,147.44
6472.00,5390,-0.10,58.00,615.10,4.00,1,23.35
6473.00,5319,1.39,142.00,596.93,88.00,1,113.61
6473.00,5395,-0.05,53.00,615.10,0.00,0,20.93
6475.00,5326,-0.94,138.00,617.75,78.00,1,101.75
6475.00,5344,-0.36,116.00,596.93,61.00,1,83.22
6475.00,5402,-0.38,47.00,615.10,0.00,0,19.20
6476.00,5324,-0.56,141.00,617.75,80.00,1,99.19
6476.00,5359,-0.21,99.00,596.93,44.00,1,69.54
6476.00,5405,-0.95,45.00,615.10,0.00,0,14.21
6479.00,5327,-0.13,140.00,617.75,78.00,1,99.43
6479.00,5363,-0.97,98.00,596.93,41.00,1,66.67
6480.00,5332,-0.08,135.00,607.65,76.00,1,104.98
6480.00,5410,-0.90,43.00,615.10,0.00,0,11.51
6481.00,5365,1.65,95.00,596.93,37.00,1,63.96
6482.00,5334,-0.46,135.00,617.75,75.00,1,100.98
6483.00,5356,-0.64,110.00,617.75,51.00,1,80.21
6485.00,5369,2.89,93.00,596.93,31.00,1,59.30
6486.00,5364,0.84,102.00,617.75,43.00,1,70.52
6487.00,5399,-0.81,63.00,617.75,4.00,1,34.78
6488.00,5411,0.91,48.00,615.10,0.00,0,12.89
6489.00,5392,0.52,72.00,596.93,9.00,1,35.75
6489.00,5415,5.15,40.00,615.10,0.00,0,6.89
6491.00,5416,6.96,39.00,615.10,0.00,0,11.30
6492.00,5406,0.86,58.00,596.93,0.00,0,21.69
6493.00,5414,3.34,47.00,596.93,0.00,0,19.37
6494.00,5413,1.53,51.00,617.75,0.00,0,12.77
6496.00,5429,-0.51,36.00,615.10,0.00,0,5.45
6498.00,5426,-0.94,42.00,617.75,0.00,0,7.86
6513.00,5438,-0.22,42.00,617.75,0.00,0,7.83
6521.00,5444,-0.36,43.00,596.93,0.00,0,8.89
6523.00,5445,1.45,42.00,615.10,0.00,0,4.80
6525.00,5449,-0.31,41.00,617.75,0.00,0,8.25
6529.00,5450,1.50,42.00,617.75,0.00,0,8.13
6529.00,5455,1.55,36.00,615.10,0.00,0,6.38
6530.00,5460,-0.40,33.00,615.10,0.00,0,5.91
6535.00,5451,3.31,45.00,617.75,0.00,0,7.03
6539.00,5464,-0.16,37.00,596.93,0.00,0,9.98
6550.00,5472,-0.68,39.00,615.10,0.00,0,5.74
6558.00,5473,1.13,44.00,615.10,0.00,0,5.26
6559.00,5480,-0.20,38.00,615.10,0.00,0,9.90
6563.00,5060,-0.40,542.00,596.93,487.00,2,514.25
6567.00,4950,-0.50,677.00,617.75,601.00,3,647.07
6568.00,5097,-0.43,503.00,596.93,443.00,2,467.57
6568.00,5169,-0.11,417.00,615.10,359.00,2,389.25
6569.00,5152,2.12,436.00,615.10,376.00,2,395.12
6570.00,4947,0.07,683.00,617.75,602.00,3,641.56
6570.00,5192,-0.48,392.00,615.10,333.00,2,363.18
6571.00,4951,0.31,679.00,617.75,597.00,3,645.96
6571.00,5099,0.19,503.00,596.93,441.00,2,468.58
6572.00,5105,-0.95,498.00,596.93,439.00,2,469.17
6572.00,5199,-0.81,386.00,615.10,325.00,2,352.55
6574.00,4964,-0.16,667.00,617.75,583.00,3,630.49
6574.00,5107,-0.33,497.00,596.93,435.00,2,466.25
6574.00,5221,1.01,360.00,605.00,298.00,2,326.92
6575.00,5233,-0.27,348.00,615.10,284.00,2,320.29
6576.00,5146,-0.74,453.00,596.93,392.00,2,424.59
6577.00,5005,-0.95,622.00,617.75,536.00,3,585.39
6577.00,5262,-0.78,316.00,615.10,268.00,1,286.35
6578.00,5256,0.36,323.00,615.10,271.00,1,286.33
6581.00,5018,-0.42,610.00,617.75,525.00,3,576.27
6581.00,5273,-0.87,307.00,615.10,256.00,1,269.65
6582.00,5015,-0.85,615.00,617.75,527.00,3,573.11
6583.00,5027,-0.13,601.00,617.75,514.00,3,571.57
6583.00,5285,-0.15,294.00,615.10,240.00,1,261.87
6584.00,5287,2.47,290.00,615.10,237.00,1,261.39
6585.00,5043,1.83,582.00,617.75,493.00,3,550.31
6585.00,5150,1.50,455.00,596.93,382.00,2,414.84
6585.00,5171,0.51,431.00,596.93,362.00,2,398.69
6586.00,5103,-0.57,514.00,617.75,445.00,2,485.58
6586.00,5304,-0.76,275.00,605.00,225.00,1,245.85
6587.00,5305,-0.95,275.00,615.10,225.00,1,243.33
6589.00,5123,-0.37,493.00,617.75,422.00,2,462.00
6589.00,5183,-0.77,422.00,596.93,348.00,2,384.63
6589.00,5308,-0.52,273.00,615.10,223.00,1,240.34
6590.00,5195,-0.05,408.00,596.93,336.00,2,377.62
6591.00,5309,1.29,272.00,615.10,222.00,1,239.22
6592.00,5353,-0.07,222.00,615.10,173.00,1,190.38
6593.00,5147,1.07,467.00,617.75,396.00,3,431.06
6594.00,5209,-0.71,396.00,596.93,320.00,2,359.48
6594.00,5354,1.74,221.00,615.10,171.00,1,187.63
6595.00,5186,-0.34,424.00,617.75,350.00,2,392.91
6595.00,5219,-0.61,385.00,596.93,310.00,2,352.03
6595.00,5357,1.17,219.00,615.10,169.00,1,187.19
6597.00,5227,-0.13,377.00,596.93,302.00,2,343.75
6597.00,5378,2.18,195.00,615.10,145.00,1,162.02
6599.00,5266,-0.54,333.00,596.93,272.00,1,300.77
6599.00,5384,2.04,190.00,615.10,138.00,1,155.92
6600.00,5201,-0.19,411.00,617.75,336.00,2,371.18
6600.00,5396,-0.24,179.00,615.10,128.00,1,150.19
6601.00,5249,-0.31,355.00,617.75,280.00,2,326.76
6601.00,5274,0.94,324.00,596.93,263.00,1,295.06
6602.00,5448,-0.12,119.00,615.10,71.00,1,88.29
6604.00,5320,-0.80,274.00,596.93,212.00,1,242.18
6605.00,5321,1.01,272.00,596.93,211.00,1,242.23
6605.00,5452,-0.88,118.00,615.10,66.00,1,82.60
6606.00,5245,-0.55,365.00,617.75,283.00,2,319.57
6606.00,5254,-0.26,354.00,617.75,275.00,2,318.82
6606.00,5463,-0.97,106.00,615.10,53.00,1,78.13
6608.00,5496,-0.24,68.00,615.10,16.00,1,33.19
6609.00,5255,-0.45,356.00,617.75,273.00,2,320.34
6609.00,5350,-0.50,243.00,596.93,179.00,1,210.73
6610.00,5286,1.66,318.00,617.75,256.00,1,285.24
6612.00,5376,0.56,214.00,615.10,150.00,1,175.08
6613.00,5290,3.90,314.00,607.65,250.00,1,278.41
6613.00,5412,-0.28,173.00,615.10,110.00,1,141.24
6615.00,5295,-0.05,314.00,617.75,249.00,1,280.30
6615.00,5374,-0.06,220.00,596.93,151.00,1,181.81
6616.00,5380,2.80,211.00,596.93,144.00,1,176.19
6618.00,5434,-0.46,152.00,596.93,88.00,1,119.44
6619.00,5457,-0.83,126.00,596.93,61.00,1,95.22
6620.00,5317,-0.23,293.00,607.65,225.00,1,253.96
6621.00,5330,-0.70,279.00,617.75,213.00,1,245.65
6623.00,5342,-0.98,267.00,617.75,200.00,1,231.80
6624.00,5470,-0.30,115.00,596.93,49.00,1,78.70
6625.00,5435,1.35,156.00,617.75,95.00,1,120.19
6628.00,5343,-0.17,270.00,617.75,198.00,1,235.13
6628.00,5476,1.56,110.00,596.93,42.00,1,79.41
6630.00,5488,0.28,99.00,617.75,37.00,1,65.04
6631.00,5475,-0.25,116.00,596.93,43.00,1,72.96
6631.00,5479,0.99,110.00,596.93,39.00,1,81.80
6632.00,5447,-0.93,151.00,617.75,85.00,1,116.49
6633.00,5345,-0.55,273.00,617.75,200.00,3,242.31
6633.00,5486,-0.34,105.00,596.93,34.00,1,73.83
6634.00,5289,1.09,339.00,615.10,301.00,1,310.16
6635.00,5492,-0.48,100.00,596.93,28.00,1,68.22
6636.00,5506,-0.14,84.00,617.75,12.00,2,53.38
6640.00,5382,3.42,232.00,617.75,157.00,2,197.10
6641.00,5293,-0.67,343.00,596.93,301.00,1,309.29
6643.00,5500,0.00,98.00,596.93,21.00,1,57.93
6645.00,5294,1.14,344.00,596.93,298.00,1,312.94
6645.00,5322,-0.18,312.00,615.10,261.00,2,279.25
6646.00,5297,0.57,342.00,615.10,297.00,1,309.27
6647.00,5329,-0.51,306.00,615.10,254.00,2,273.01
6648.00,5314,-0.66,325.00,615.10,278.00,1,292.77
6649.00,5336,1.16,298.00,615.10,247.00,1,268.55
6650.00,5311,-0.09,330.00,596.93,282.00,1,293.70
6650.00,5323,1.63,314.00,615.10,267.00,1,279.75
6651.00,5331,0.11,307.00,617.75,258.00,1,276.86
6651.00,5337,2.97,297.00,615.10,242.00,1,264.38
6653.00,5316,-0.04,327.00,596.93,276.00,1,291.26
6653.00,5335,-0.65,305.00,617.75,256.00,1,277.39
6653.00,5358,-0.02,277.00,615.10,222.00,1,243.85
6654.00,5352,-0.88,286.00,615.10,239.00,1,256.95
6654.00,5370,0.70,263.00,615.10,208.00,2,232.51
6655.00,5362,-0.78,275.00,596.93,223.00,1,241.31
6656.00,5381,-0.39,253.00,615.10,199.00,1,227.25
6657.00,5366,-0.54,272.00,596.93,221.00,1,238.87
6657.00,5367,1.27,269.00,615.10,222.00,1,235.99
6658.00,5385,-0.15,250.00,615.10,193.00,1,217.16
6659.00,5373,6.13,259.00,596.93,207.00,1,227.85
6659.00,5409,1.29,221.00,615.10,170.00,1,189.06
6660.00,5387,0.47,249.00,596.93,199.00,1,220.80
6661.00,5371,2.51,267.00,617.75,214.00,1,235.07
6661.00,5421,1.01,209.00,615.10,154.00,1,174.87
6663.00,5425,5.25,202.00,615.10,150.00,1,175.14
6664.00,5372,4.32,267.00,617.75,213.00,1,233.12
6664.00,5456,4.36,167.00,605.00,116.00,1,135.96
6665.00,5403,-0.57,236.00,615.10,183.00,1,203.21
6666.00,5398,-0.62,243.00,596.93,187.00,1,207.60
6667.00,5465,-0.35,164.00,615.10,111.00,1,127.83
6669.00,5407,1.67,233.00,617.75,178.00,1,200.20
6669.00,5467,2.27,161.00,615.10,107.00,1,127.59
6670.00,5494,-0.86,133.00,615.10,81.00,1,103.29
6671.00,5404,1.24,239.00,596.93,183.00,2,205.58
6672.00,5400,0.00,246.00,596.93,183.00,1,204.51
6672.00,5503,-0.57,124.00,615.10,70.00,1,88.24
6674.00,5513,-0.47,114.00,615.10,57.00,2,80.36
6675.00,5424,3.44,217.00,617.75,157.00,1,177.54
6676.00,5420,-0.80,227.00,596.93,165.00,1,188.15
6676.00,5542,5.02,76.00,615.10,21.00,1,39.02
6677.00,5423,1.63,222.00,596.93,163.00,1,190.88
6678.00,5431,3.11,212.00,617.75,153.00,1,176.71
6678.00,5436,-0.84,210.00,596.93,151.00,1,181.07
6678.00,5544,5.64,75.00,615.10,20.00,1,40.98
6679.00,5430,2.30,215.00,617.75,153.00,1,171.14
6680.00,5442,-0.98,205.00,617.75,146.00,1,173.12
6680.00,5567,-0.73,56.00,615.10,0.00,0,18.25
6682.00,5437,0.97,211.00,596.93,147.00,1,174.81
6682.00,5458,-0.02,187.00,617.75,128.00,1,154.10
6682.00,5541,3.21,85.00,615.10,33.00,1,53.73
6684.00,5453,-0.07,195.00,596.93,131.00,1,166.03
6685.00,5466,1.46,179.00,617.75,118.00,1,143.15
6687.00,5469,2.89,176.00,596.93,113.00,1,148.24
6687.00,5477,-0.63,170.00,617.75,110.00,1,135.83
6689.00,5516,1.96,123.00,617.75,62.00,1,91.32
6690.00,5454,1.74,198.00,596.93,130.00,1,157.76
6692.00,5549,2.69,86.00,617.75,26.00,1,52.88
6693.00,5482,-0.58,170.00,596.93,101.00,1,133.94
6694.00,5489,-0.91,163.00,596.93,95.00,1,131.58
6694.00,5562,0.22,75.00,617.75,12.00,1,41.49
6694.00,5589,-0.91,44.00,615.10,0.00,0,5.42
6697.00,5515,0.15,134.00,596.93,65.00,1,100.85
6698.00,5525,-0.75,124.00,596.93,57.00,1,95.04
6699.00,5580,1.80,57.00,617.75,0.00,0,24.18
6700.00,5527,-0.13,123.00,596.93,54.00,1,94.21
6700.00,5572,-0.68,70.00,617.75,3.00,1,29.89
6701.00,5596,-0.24,42.00,615.10,0.00,0,9.77
6702.00,5590,0.90,49.00,617.75,0.00,0,16.43
6702.00,5597,1.57,40.00,615.10,0.00,0,8.10
6703.00,5539,-0.41,112.00,596.93,42.00,1,80.97
6703.00,5605,-0.95,34.00,615.10,0.00,0,7.27
6706.00,5540,1.40,112.00,596.93,41.00,1,80.65
6709.00,5552,2.12,100.00,596.93,29.00,1,67.95
6714.00,5555,1.55,102.00,596.93,25.00,1,65.37
6715.00,5560,-0.40,99.00,596.93,23.00,1,71.34
6717.00,5564,-0.16,96.00,596.93,20.00,1,65.20
6719.00,5574,-0.06,86.00,596.93,10.00,1,56.74
6722.00,5577,-0.63,86.00,596.93,8.00,1,53.48
6723.00,5621,1.01,33.00,615.10,0.00,0,5.97
6724.00,5578,1.18,85.00,596.93,6.00,1,52.52
6733.00,5620,-0.80,46.00,596.93,0.00,0,8.30
6735.00,5626,-0.94,41.00,596.93,0.00,0,10.93
6746.00,5397,-0.43,324.00,596.93,279.00,1,290.48
6747.00,5419,3.39,295.00,615.10,248.00,1,261.43
6748.00,5446,-0.74,268.00,615.10,223.00,1,237.36
6749.00,5391,-0.29,334.00,617.75,288.00,1,302.94
6749.00,5418,1.58,300.00,596.93,252.00,1,266.10
6750.00,5461,0.41,251.00,615.10,202.00,1,219.27
6751.00,5422,2.82,296.00,596.93,249.00,1,266.18
6751.00,5468,-0.92,245.00,615.10,194.00,1,218.07
6752.00,5408,-0.52,317.00,617.75,270.00,1,287.91
6752.00,5427,-0.13,294.00,596.93,248.00,1,264.52
6753.00,5383,-0.77,348.00,617.75,291.00,1,301.62
6753.00,5471,-0.49,243.00,615.10,190.00,2,212.78
6754.00,5459,-0.21,258.00,596.93,211.00,1,231.16
6754.00,5484,-0.96,229.00,615.10,182.00,1,200.75
6755.00,5417,-0.23,309.00,617.75,259.00,1,274.99
6757.00,5474,-0.06,243.00,615.10,188.00,2,208.42
6757.00,5478,-0.82,239.00,596.93,191.00,1,208.81
6758.00,5428,1.68,297.00,617.75,246.00,1,260.75
6759.00,5481,-0.39,237.00,615.10,180.00,2,207.24
6759.00,5485,0.85,231.00,596.93,181.00,1,200.95
6760.00,5495,-0.05,221.00,615.10,170.00,1,190.20
6761.00,5432,-0.08,297.00,617.75,243.00,1,260.63
6762.00,5440,-0.60,289.00,617.75,236.00,1,258.44
6762.00,5491,-0.29,228.00,596.93,177.00,1,196.90
6762.00,5497,0.57,220.00,615.10,167.00,2,188.30
6763.00,5523,0.63,190.00,615.10,143.00,1,159.50
6764.00,5548,-0.12,162.00,615.10,115.00,1,131.29
6765.00,5441,1.21,289.00,607.65,234.00,1,255.68
6766.00,5498,2.38,221.00,596.93,167.00,1,187.56
6766.00,5550,0.50,161.00,615.10,113.00,1,130.80
6767.00,5443,1.83,288.00,607.65,233.00,1,260.38
6768.00,5551,2.31,160.00,615.10,112.00,1,127.31
6770.00,5519,0.39,202.00,615.10,144.00,2,165.06
6770.00,5575,-0.25,136.00,615.10,84.00,1,103.23
6771.00,5524,2.44,195.00,596.93,140.00,1,161.46
6772.00,5462,2.22,270.00,617.75,210.00,1,233.25
6772.00,5508,-0.52,218.00,615.10,162.00,1,184.15
6773.00,5586,-0.34,126.00,615.10,75.00,1,91.88
6775.00,5532,-0.08,192.00,615.10,133.00,1,155.02
6775.00,5594,0.14,118.00,615.10,68.00,1,84.17
6776.00,5514,-0.66,215.00,617.75,157.00,1,179.07
6776.00,5537,-0.03,187.00,596.93,129.00,1,153.89
6776.00,5612,1.72,96.00,615.10,47.00,1,66.49
6779.00,5518,-0.42,213.00,617.75,151.00,1,175.37
6780.00,5522,-0.18,209.00,617.75,150.00,1,181.41
6780.00,5566,-0.54,157.00,615.10,95.00,1,119.81
6780.00,5569,-0.11,153.00,596.93,94.00,1,120.78
6780.00,5656,-0.64,50.00,615.10,0.00,0,12.64
6783.00,5588,0.28,133.00,615.10,72.00,2,104.57
6783.00,5611,-0.09,106.00,615.10,49.00,1,66.27
6784.00,5534,0.54,198.00,617.75,136.00,1,159.75
6785.00,5546,-0.74,186.00,617.75,126.00,1,151.43
6787.00,5553,2.93,176.00,617.75,115.00,1,144.55
6788.00,5595,0.95,129.00,596.93,65.00,1,92.18
6789.00,5614,2.34,106.00,596.93,44.00,1,74.72
6790.00,5561,-0.59,173.00,617.75,110.00,1,137.19
6791.00,5615,4.15,105.00,596.93,42.00,1,72.87
6792.00,5618,3.58,103.00,596.93,41.00,1,74.98
6793.00,5568,0.08,167.00,617.75,102.00,1,129.67
6794.00,5622,3.82,100.00,596.93,39.00,1,69.24
6796.00,5598,1.38,133.00,617.75,68.00,1,100.87
6797.00,5593,-0.67,142.00,617.75,75.00,1,101.76
6797.00,5623,5.63,100.00,596.93,37.00,1,69.49
6800.00,5601,-0.19,135.00,617.75,67.00,1,99.10
6800.00,5632,3.92,94.00,596.93,32.00,1,62.37
6800.00,5678,-0.82,44.00,615.10,0.00,0,10.50
6801.00,5607,-0.33,129.00,617.75,62.00,1,99.97
6802.00,5627,3.87,102.00,596.93,37.00,1,69.79
6804.00,5619,5.39,112.00,617.75,44.00,1,78.30
6804.00,5681,1.61,42.00,615.10,0.00,0,10.85
6805.00,5631,2.11,102.00,596.93,35.00,1,71.38
6807.00,5638,-0.22,98.00,596.93,30.00,1,66.44
6807.00,5644,-0.36,91.00,617.75,23.00,1,55.07
6809.00,5645,0.45,91.00,596.93,25.00,1,62.96
6811.00,5694,-0.86,36.00,615.10,0.00,0,5.27
6812.00,5647,1.07,91.00,596.93,23.00,1,59.34
6817.00,5679,0.99,58.00,596.93,0.00,0,21.71
6818.00,5683,2.23,53.00,596.93,0.00,0,22.76
6822.00,5493,-0.67,286.00,617.75,243.00,1,257.08
6823.00,5487,-0.53,294.00,596.93,249.00,1,261.37
6824.00,5504,0.24,274.00,617.75,230.00,1,243.93
6824.00,5510,-0.90,268.00,615.10,221.00,1,239.21
6825.00,5502,-0.38,278.00,615.10,230.00,1,242.31
6826.00,5517,-0.23,261.00,615.10,214.00,1,229.15
6827.00,5490,-0.10,294.00,596.93,245.00,1,257.88
6827.00,5533,0.73,242.00,615.10,192.00,1,208.73
6829.00,5499,-0.81,286.00,596.93,236.00,1,251.43
6830.00,5505,2.05,277.00,596.93,229.00,1,246.20
6830.00,5529,-0.51,251.00,617.75,204.00,1,219.73
6832.00,5512,-0.28,273.00,596.93,225.00,1,244.02
6832.00,5535,1.35,244.00,615.10,191.00,1,203.96
6832.00,5538,0.78,241.00,615.10,193.00,1,208.45
6834.00,5545,-0.55,236.00,617.75,188.00,1,207.19
6834.00,5557,1.17,220.00,615.10,167.00,1,187.30
6835.00,5559,1.79,218.00,615.10,165.00,2,190.08
6837.00,5576,-0.44,202.00,615.10,149.00,1,168.92
6838.00,5556,-0.64,227.00,617.75,173.00,1,193.47
6838.00,5570,-0.30,210.00,596.93,160.00,1,179.99
6838.00,5600,1.00,173.00,615.10,121.00,1,143.80
6840.00,5565,-0.35,218.00,617.75,165.00,1,184.78
6840.00,5610,-0.90,165.00,615.10,110.00,1,131.28
6841.00,5530,1.30,259.00,596.93,200.00,1,216.52
6842.00,5629,-0.51,144.00,615.10,89.00,1,108.80
6842.00,5639,1.59,130.00,615.10,78.00,1,98.26
6843.00,5582,-0.58,201.00,617.75,147.00,1,166.30
6843.00,5583,1.23,198.00,596.93,141.00,1,162.14
6844.00,5599,-0.81,182.00,596.93,127.00,1,152.97
6844.00,5661,-0.59,108.00,615.10,57.00,1,77.77
6845.00,5587,-0.53,197.00,617.75,142.00,1,168.90
6845.00,5662,1.22,106.00,615.10,55.00,1,74.97
6847.00,5603,0.43,179.00,617.75,125.00,1,147.23
6847.00,5671,-0.49,99.00,615.10,44.00,1,65.21
6848.00,5624,-0.56,156.00,615.10,97.00,1,118.69
6849.00,5604,1.24,179.00,617.75,123.00,1,146.65
6850.00,5687,-0.53,83.00,615.10,30.00,1,46.54
6852.00,5633,-0.27,149.00,596.93,89.00,1,111.60
6852.00,5684,-0.96,89.00,615.10,33.00,2,58.48
6853.00,5654,-0.26,125.00,617.75,67.00,1,90.85
6853.00,5712,-0.28,56.00,615.10,6.00,1,25.16
6854.00,5634,1.54,148.00,596.93,88.00,1,119.05
6855.00,5637,0.97,146.00,596.93,85.00,1,112.77
6855.00,5710,-0.90,61.00,615.10,8.00,1,27.13
6856.00,5655,0.55,126.00,617.75,65.00,1,90.21
6856.00,5719,3.39,47.00,615.10,0.00,0,15.62
6857.00,5651,-0.69,133.00,596.93,72.00,1,101.87
6858.00,5732,0.92,36.00,615.10,0.00,0,10.11
6859.00,5667,-0.73,116.00,596.93,56.00,1,87.27
6862.00,5676,-0.44,108.00,617.75,45.00,1,73.47
6862.00,5691,-0.29,90.00,596.93,28.00,1,57.66
6863.00,5726,-0.94,50.00,615.10,0.00,0,18.50
6864.00,5659,-0.21,130.00,617.75,61.00,1,83.60
6864.00,5699,0.19,82.00,617.75,20.00,1,48.47
6865.00,5697,-0.43,86.00,596.93,24.00,1,53.09
6865.00,5731,-0.89,46.00,615.10,0.00,0,11.10
6866.00,5717,-0.23,63.00,596.93,0.00,0,34.32
6866.00,5734,1.54,41.00,615.10,0.00,0,13.11
6869.00,5736,2.16,41.00,617.75,0.00,0,8.84
6870.00,5743,-0.17,36.00,615.10,0.00,0,5.66
6871.00,5718,1.58,65.00,596.93,0.00,0,29.98
6873.00,5728,-0.32,57.00,596.93,0.00,0,23.08
6876.00,5746,-0.74,39.00,615.10,0.00,0,5.19
6887.00,5558,-0.02,273.00,615.10,229.00,1,243.53
6888.00,5501,1.81,340.00,596.93,264.00,2,307.01
6889.00,5509,0.29,333.00,617.75,254.00,2,298.23
6890.00,5584,-0.96,246.00,615.10,199.00,1,213.58
6891.00,5507,-0.33,338.00,596.93,259.00,2,304.91
6891.00,5591,-0.29,238.00,615.10,192.00,1,208.22
6892.00,5401,-0.19,465.00,617.75,378.00,2,429.42
6892.00,5511,-0.09,334.00,596.93,257.00,2,304.76
6895.00,5393,-0.67,478.00,617.75,388.00,3,447.66
6895.00,5521,-0.99,326.00,596.93,248.00,2,293.84
6897.00,5520,-0.80,329.00,617.75,243.00,1,289.17
6897.00,5526,-0.94,322.00,596.93,241.00,1,291.55
6898.00,5613,-0.47,219.00,615.10,165.00,1,177.39
6899.00,5630,0.30,199.00,615.10,145.00,1,166.43
6900.00,5388,0.28,488.00,617.75,399.00,3,452.22
6900.00,5528,-0.32,322.00,596.93,239.00,1,290.08
6901.00,5640,-0.60,190.00,615.10,137.00,1,158.12
6902.00,5389,0.09,489.00,617.75,398.00,3,452.24
6902.00,5531,-0.89,321.00,596.93,239.00,1,289.45
6903.00,5641,1.21,189.00,615.10,132.00,1,161.60
6904.00,5652,-0.88,179.00,615.10,126.00,1,143.39
6905.00,5394,-0.86,487.00,617.75,393.00,3,450.86
6906.00,5658,-0.02,173.00,615.10,121.00,1,142.40
6908.00,5668,-0.92,164.00,615.10,110.00,1,128.55
6909.00,5433,-0.27,444.00,617.75,340.00,4,406.51
6909.00,5543,-0.17,313.00,596.93,238.00,1,281.19
6909.00,5716,-0.04,107.00,615.10,54.00,1,80.56
6910.00,5439,-0.41,438.00,617.75,336.00,5,409.77
6911.00,5536,-0.84,324.00,596.93,238.00,1,280.17
6911.00,5547,-0.93,311.00,596.93,238.00,1,283.87
6911.00,5738,-0.22,83.00,615.10,28.00,1,52.34
6912.00,5754,-0.26,65.00,615.10,12.00,1,32.34
6913.00,5483,-0.77,389.00,617.75,284.00,3,353.79
6913.00,5563,-0.97,294.00,596.93,237.00,1,263.14
6914.00,5554,-0.26,305.00,617.75,238.00,1,275.36
6918.00,5571,-0.49,289.00,596.93,227.00,1,253.04
6918.00,5573,0.13,286.00,617.75,226.00,1,247.72
6919.00,5581,0.61,277.00,617.75,218.00,1,242.80
6920.00,5579,-0.01,281.00,596.93,219.00,1,246.36
6921.00,5602,-0.38,255.00,617.75,196.00,1,221.57
6922.00,5609,-0.71,248.00,617.75,189.00,1,219.27
6923.00,5585,0.85,276.00,596.93,214.00,1,240.84
6924.00,5625,-0.75,231.00,617.75,171.00,1,201.54
6926.00,5636,-0.84,220.00,617.75,162.00,1,189.43
6927.00,5592,1.52,271.00,596.93,206.00,1,234.41
6928.00,5606,-0.14,257.00,596.93,195.00,1,227.94
6928.00,5666,-0.54,186.00,617.75,126.00,1,156.06
6930.00,5608,2.48,254.00,586.83,190.00,1,221.96
6932.00,5675,1.75,177.00,617.75,113.00,1,142.63
6933.00,5690,0.90,161.00,596.93,106.00,1,126.05
6933.00,5789,3.09,41.00,615.10,0.00,0,9.68
6934.00,5616,-0.04,251.00,596.93,185.00,1,222.17
6935.00,5737,-0.03,108.00,617.75,53.00,1,71.83
6935.00,5787,-0.53,49.00,615.10,0.00,0,18.64
6939.00,5724,-0.56,128.00,617.75,73.00,1,90.09
6940.00,5617,1.77,254.00,596.93,182.00,1,216.38
6941.00,5695,-0.05,164.00,617.75,96.00,2,132.08
6942.00,5628,-0.32,245.00,596.93,174.00,1,213.40
6943.00,5672,-0.68,194.00,596.93,125.00,1,165.64
6943.00,5698,-0.62,163.00,617.75,94.00,1,129.14
6944.00,5701,-0.19,160.00,617.75,90.00,1,126.30
6947.00,5702,-0.38,162.00,617.75,90.00,1,128.23
6948.00,5674,-0.06,196.00,596.93,123.00,1,158.16
6949.00,5686,-0.34,183.00,596.93,109.00,1,151.14
6949.00,5705,1.05,159.00,617.75,88.00,1,126.61
6949.00,5808,0.48,37.00,615.10,0.00,0,8.62
6951.00,5689,-0.91,182.00,596.93,109.00,1,152.52
6953.00,5704,-0.76,166.00,596.93,92.00,1,132.56
6953.00,5708,-0.52,161.00,617.75,87.00,1,124.91
6954.00,5809,2.29,39.00,615.10,0.00,0,7.56
6955.00,5706,0.86,164.00,617.75,86.00,1,131.01
6955.00,5749,-0.31,114.00,596.93,37.00,1,84.05
6956.00,5715,-0.85,156.00,617.75,85.00,1,125.71
6958.00,5758,-0.02,106.00,617.75,30.00,2,74.49
6958.00,5788,1.28,69.00,596.93,0.00,0,35.11
6960.00,5793,1.33,65.00,596.93,0.00,0,32.63
6961.00,5765,-0.35,101.00,617.75,23.00,1,70.84
6962.00,5806,-0.14,53.00,596.93,0.00,0,22.34
6964.00,5817,-0.23,42.00,615.10,0.00,0,9.79
6965.00,5799,-0.81,65.00,617.75,0.00,0,30.05
6965.00,5813,0.53,47.00,596.93,0.00,0,15.32
6987.00,5842,-0.98,36.00,615.10,0.00,0,5.34
6996.00,5849,-0.31,36.00,615.10,0.00,0,5.41
7005.00,5635,-0.65,300.00,615.10,257.00,1,271.28
7007.00,5646,0.26,288.00,615.10,245.00,1,261.37
7008.00,5643,0.83,292.00,617.75,246.00,1,258.54
7010.00,5642,-0.98,297.00,596.93,251.00,1,262.87
7010.00,5648,0.88,288.00,617.75,241.00,1,254.30
7010.00,5649,2.69,285.00,615.10,238.00,1,250.89
7010.00,5653,3.93,279.00,615.10,234.00,1,250.13
7012.00,5650,4.50,284.00,596.93,234.00,1,248.90
7012.00,5665,4.65,266.00,615.10,215.00,1,236.81
7014.00,5663,1.03,274.00,596.93,227.00,1,240.62
7015.00,5677,2.37,257.00,615.10,205.00,1,219.77
7016.00,5657,2.17,282.00,617.75,230.00,1,245.91
7016.00,5664,2.84,273.00,596.93,225.00,1,241.45
7016.00,5680,1.80,255.00,615.10,205.00,1,224.23
7017.00,5660,1.60,280.00,617.75,230.00,1,249.26
7018.00,5685,1.85,251.00,615.10,202.00,1,220.43
7019.00,5670,4.70,267.00,617.75,217.00,1,239.58
7019.00,5688,1.28,249.00,615.10,199.00,1,217.17
7020.00,5669,2.89,271.00,596.93,220.00,1,237.73
7021.00,5673,4.13,266.00,596.93,216.00,1,236.95
7021.00,5703,-0.57,235.00,615.10,182.00,1,204.06
7021.00,5721,-0.99,214.00,615.10,164.00,1,185.53
7023.00,5682,2.42,259.00,617.75,206.00,1,225.56
7026.00,5700,0.00,243.00,615.10,188.00,1,208.70
7026.00,5709,0.29,232.00,617.75,179.00,1,203.09
7026.00,5711,0.91,229.00,615.10,175.00,1,187.00
7027.00,5725,3.25,211.00,615.10,156.00,1,178.74
7028.00,5692,-0.48,255.00,596.93,199.00,1,217.28
7028.00,5768,-0.92,165.00,615.10,113.00,1,132.41
7029.00,5693,1.33,253.00,596.93,198.00,1,222.12
7029.00,5730,6.30,204.00,615.10,149.00,1,170.68
7030.00,5713,1.53,230.00,615.10,176.00,1,200.27
7030.00,5772,0.32,161.00,615.10,109.00,1,128.98
7031.00,5707,-0.33,240.00,596.93,184.00,1,210.30
7031.00,5722,0.82,221.00,617.75,166.00,1,191.48
7032.00,5776,0.56,158.00,615.10,107.00,1,127.50
7034.00,5723,2.63,221.00,596.93,162.00,1,186.64
7034.00,5727,3.87,215.00,615.10,157.00,1,182.05
7035.00,5729,4.49,213.00,596.93,156.00,1,183.64
7035.00,5779,1.99,156.00,615.10,102.00,1,120.52
7036.00,5740,-0.60,206.00,615.10,150.00,1,173.72
7037.00,5791,-0.29,146.00,615.10,94.00,1,115.78
7038.00,5745,1.45,200.00,617.75,143.00,1,168.24
7038.00,5796,-0.24,141.00,615.10,89.00,1,109.98
7039.00,5744,-0.36,204.00,596.93,144.00,1,169.60
7040.00,5802,1.62,134.00,615.10,82.00,1,100.25
7041.00,5747,1.07,201.00,617.75,143.00,1,168.79
7041.00,5751,-0.69,198.00,596.93,138.00,1,174.17
7042.00,5764,-0.16,183.00,596.93,122.00,1,153.70
7042.00,5814,0.34,123.00,615.10,72.00,1,88.33
7042.00,5818,-0.42,119.00,615.10,69.00,1,90.46
7044.00,5752,1.12,198.00,617.75,139.00,1,163.39
7044.00,5830,0.30,106.00,615.10,54.00,1,75.21
7045.00,5784,1.04,161.00,615.10,96.00,1,127.83
7047.00,5755,-0.45,199.00,617.75,137.00,1,166.31
7047.00,5801,-0.19,144.00,596.93,83.00,1,112.96
7047.00,5841,0.21,96.00,615.10,45.00,1,60.73
7048.00,5797,1.57,148.00,615.10,83.00,2,113.85
7050.00,5807,-0.33,140.00,615.10,78.00,1,110.76
7050.00,5835,-0.65,107.00,615.10,51.00,1,77.69
7052.00,5762,-0.78,196.00,617.75,130.00,1,156.36
7052.00,5826,-0.94,120.00,615.10,58.00,1,87.59
7053.00,5771,-0.49,186.00,617.75,122.00,1,155.07
7054.00,5812,-0.28,138.00,596.93,75.00,1,103.35
7055.00,5773,2.13,183.00,617.75,119.00,1,149.22
7056.00,5895,-0.05,41.00,615.10,0.00,0,8.47
7057.00,5828,-0.32,122.00,596.93,58.00,1,87.63
7057.00,5831,2.11,116.00,617.75,58.00,1,82.04
7058.00,5777,2.37,181.00,607.65,115.00,1,149.58
7059.00,5839,-0.41,111.00,596.93,50.00,1,76.57
7060.00,5781,2.61,178.00,617.75,111.00,1,145.49
7060.00,5847,-0.93,103.00,596.93,41.00,1,74.69
7063.00,5785,2.85,176.00,617.75,107.00,1,144.63
7063.00,5851,-0.69,101.00,596.93,37.00,1,69.34
7065.00,5862,-0.78,90.00,596.93,26.00,1,62.57
7068.00,5816,0.96,146.00,617.75,74.00,1,110.64
7069.00,5820,0.20,143.00,617.75,70.00,1,111.62
7071.00,5836,1.16,125.00,617.75,55.00,2,93.44
7071.00,5863,1.03,93.00,596.93,25.00,1,55.96
7074.00,5854,-0.26,108.00,617.75,34.00,1,73.80
7075.00,5911,-0.09,41.00,615.10,0.00,0,6.20
7076.00,5859,-0.21,104.00,607.65,31.00,1,70.30
7077.00,5884,-0.96,76.00,596.93,4.00,1,33.70
7078.00,5860,-0.40,105.00,617.75,30.00,1,75.86
7079.00,5905,-0.95,53.00,596.93,0.00,0,12.60
7080.00,5916,-0.04,40.00,596.93,0.00,0,10.44
7081.00,5865,1.65,100.00,617.75,26.00,1,66.52
7083.00,5867,0.27,101.00,617.75,23.00,1,71.24
7085.00,5921,0.01,39.00,596.93,0.00,0,10.06
7086.00,5885,0.85,82.00,617.75,5.00,1,51.58
7092.00,5889,-0.91,85.00,617.75,4.00,1,45.65
7093.00,5901,-0.19,71.00,617.75,0.00,0,38.44
7093.00,5930,-0.70,37.00,615.10,0.00,0,6.25
7096.00,5902,0.62,72.00,617.75,0.00,0,33.88
7096.00,5927,-0.13,43.00,596.93,0.00,0,8.16
7097.00,5920,-0.80,53.00,617.75,0.00,0,22.85
7101.00,5924,-0.56,52.00,617.75,0.00,0,13.79
7105.00,5938,-0.22,39.00,596.93,0.00,0,8.78
7108.00,5942,-0.98,38.00,615.10,0.00,0,5.68
7111.00,5944,-0.36,38.00,615.10,0.00,0,5.89
7116.00,5946,0.26,40.00,615.10,0.00,0,5.07
7120.00,5949,2.69,38.00,617.75,0.00,0,8.55
7124.00,5948,0.88,45.00,596.93,0.00,0,8.21
7127.00,5696,-0.24,349.00,615.10,301.00,1,307.54
7128.00,5748,-0.12,288.00,615.10,238.00,1,255.74
7130.00,5766,0.46,268.00,615.10,219.00,1,236.68
7131.00,5714,-0.66,332.00,617.75,285.00,1,296.19
7131.00,5733,-0.27,309.00,615.10,263.00,1,277.85
7132.00,5783,-0.77,251.00,615.10,202.00,1,221.64
7133.00,5741,0.21,301.00,596.93,253.00,1,264.50
7134.00,5720,-0.80,328.00,615.10,274.00,1,284.83
7134.00,5803,-0.57,229.00,615.10,176.00,1,195.30
7135.00,5735,0.35,310.00,617.75,261.00,1,277.38
7135.00,5742,2.02,300.00,596.93,250.00,1,268.23
7135.00,5815,-0.85,216.00,615.10,168.00,1,189.39
7136.00,5769,2.89,268.00,596.93,221.00,1,236.67
7137.00,5739,-0.41,308.00,617.75,259.00,1,274.96
7137.00,5819,-0.61,213.00,615.10,164.00,1,180.48
7138.00,5822,1.82,208.00,615.10,160.00,1,177.78
7139.00,5756,-0.64,290.00,617.75,241.00,1,260.21
7141.00,5770,4.70,270.00,596.93,219.00,1,233.65
7141.00,5827,3.87,203.00,615.10,150.00,1,167.54
7142.00,5843,-0.17,189.00,615.10,140.00,1,159.23
7143.00,5759,-0.21,290.00,617.75,238.00,1,257.00
7143.00,5792,-0.48,251.00,596.93,199.00,1,215.99
7143.00,5845,2.45,185.00,615.10,137.00,1,154.80
7145.00,5821,0.01,218.00,596.93,164.00,1,185.72
7145.00,5850,2.50,181.00,615.10,132.00,1,150.76
7147.00,5760,1.60,291.00,617.75,235.00,1,253.02
7147.00,5825,3.25,212.00,596.93,159.00,1,181.29
7147.00,5872,-0.68,160.00,615.10,110.00,1,127.83
7149.00,5763,1.03,290.00,617.75,234.00,1,259.63
7149.00,5890,-0.10,140.00,615.10,88.00,1,106.03
7150.00,5767,2.27,285.00,617.75,230.00,1,254.68
7150.00,5838,-0.22,203.00,615.10,141.00,1,171.02
7151.00,5848,1.88,190.00,596.93,136.00,1,161.32
7151.00,5892,0.52,139.00,615.10,88.00,1,104.56
7152.00,5896,3.76,132.00,615.10,82.00,1,101.00
7153.00,5790,-0.10,263.00,617.75,207.00,1,229.35
7154.00,5900,2.00,131.00,615.10,82.00,1,98.10
7155.00,5855,-0.45,188.00,615.10,131.00,1,152.03
7155.00,5868,-0.92,173.00,596.93,118.00,1,144.75
7155.00,5950,-0.50,75.00,615.10,27.00,1,46.84
7158.00,5798,-0.62,259.00,617.75,198.00,1,218.49
7159.00,5804,1.24,251.00,617.75,192.00,1,219.50
7160.00,5875,-0.25,169.00,596.93,110.00,1,135.96
7160.00,5925,-0.75,110.00,615.10,59.00,1,74.23
7161.00,5811,-0.09,246.00,617.75,186.00,1,208.69
7163.00,5832,0.92,222.00,617.75,165.00,1,192.81
7164.00,5876,1.56,170.00,596.93,108.00,1,133.66
7165.00,5823,3.63,232.00,617.75,169.00,1,193.49
7166.00,5878,4.18,167.00,596.93,104.00,1,132.75
7168.00,5833,0.73,226.00,617.75,164.00,1,189.44
7170.00,5840,0.40,220.00,617.75,159.00,1,187.92
7171.00,5883,3.23,167.00,596.93,102.00,1,128.26
7172.00,5894,3.14,155.00,596.93,93.00,1,123.55
7174.00,5844,1.64,218.00,617.75,155.00,1,181.29
7174.00,5928,-0.32,120.00,596.93,57.00,1,89.79
7175.00,5861,-0.59,201.00,617.75,138.00,1,169.02
7177.00,5866,-0.54,197.00,617.75,135.00,1,163.55
7180.00,5877,3.37,183.00,617.75,116.00,1,149.36
7180.00,5965,-0.35,82.00,596.93,17.00,1,48.37
7181.00,5945,-0.55,107.00,596.93,38.00,1,65.00
7183.00,5881,3.61,181.00,617.75,114.00,1,147.45
7183.00,5973,-0.87,76.00,596.93,9.00,1,41.51
7184.00,5753,-0.07,338.00,617.75,301.00,1,311.50
7185.00,5893,2.33,170.00,617.75,103.00,1,138.46
7185.00,5994,0.14,52.00,596.93,0.00,0,19.34
7187.00,5907,-0.33,158.00,617.75,90.00,1,127.24
7188.00,6008,-0.52,39.00,615.10,0.00,0,5.73
7189.00,5750,-0.50,347.00,615.10,301.00,1,311.32
7189.00,5997,1.57,51.00,596.93,0.00,0,15.45
7190.00,5912,-0.28,155.00,617.75,85.00,1,121.30
7192.00,5917,-0.23,151.00,617.75,81.00,1,119.66
7194.00,5940,-0.60,126.00,617.75,58.00,1,96.90
7195.00,6010,0.10,43.00,596.93,0.00,0,8.37
7196.00,6013,-0.47,41.00,615.10,0.00,0,4.88
7198.00,5761,-0.59,343.00,615.10,301.00,1,311.13
7198.00,5941,-0.79,129.00,617.75,56.00,2,94.91
7202.00,5782,2.42,319.00,596.93,272.00,2,292.25
7204.00,5757,-0.83,354.00,617.75,302.00,2,320.72
7205.00,5774,-0.06,334.00,615.10,280.00,2,296.21
7205.00,5775,1.75,331.00,615.10,283.00,1,294.89
7206.00,5778,1.18,329.00,617.75,278.00,2,297.25
7207.00,5780,1.80,327.00,615.10,279.00,1,290.73
7207.00,5795,0.95,310.00,596.93,259.00,2,279.07
7208.00,5786,0.66,322.00,617.75,270.00,2,291.07
7208.00,5794,-0.86,314.00,615.10,262.00,1,282.23
7210.00,5800,0.00,308.00,617.75,255.00,2,276.39
7210.00,5810,-0.90,297.00,615.10,247.00,2,269.10
7212.00,5805,-0.95,305.00,596.93,250.00,2,268.74
7212.00,5829,-0.51,276.00,615.10,221.00,2,242.66
7212.00,5834,-0.46,270.00,615.10,218.00,1,234.18
7213.00,5837,-0.03,267.00,615.10,211.00,2,237.51
7213.00,5846,-0.74,257.00,615.10,206.00,2,227.97
7214.00,5824,-0.56,284.00,596.93,227.00,2,250.18
7216.00,5853,-0.07,251.00,596.93,195.00,2,216.70
7216.00,5929,-0.51,161.00,615.10,108.00,1,124.38
7217.00,5858,-0.02,246.00,617.75,190.00,2,214.05
7218.00,5932,-0.08,159.00,615.10,102.00,1,123.87
7219.00,5933,1.73,157.00,615.10,102.00,2,128.91
7220.00,5871,-0.49,234.00,617.75,174.00,2,199.88
7220.00,5891,-0.29,210.00,615.10,148.00,2,172.32
7220.00,5955,3.55,130.00,605.00,79.00,1,100.74
7221.00,5898,0.38,202.00,596.93,142.00,2,169.05
7221.00,5939,0.59,153.00,615.10,96.00,2,118.15
7222.00,5913,-0.47,186.00,596.93,125.00,2,157.20
7223.00,5879,-0.01,227.00,617.75,167.00,2,193.22
7228.00,5852,-0.88,265.00,596.93,224.00,1,233.11
7228.00,5864,-0.16,250.00,615.10,206.00,1,221.03
7230.00,5887,-0.53,225.00,615.10,182.00,1,195.65
7230.00,5903,-0.57,206.00,615.10,160.00,1,177.58
7231.00,5869,-0.11,247.00,617.75,200.00,1,210.94
7232.00,5856,-0.64,264.00,596.93,217.00,1,228.99
7233.00,5857,1.17,262.00,586.83,216.00,1,232.53
7233.00,5908,2.48,200.00,615.10,152.00,1,167.88
7234.00,5888,1.28,226.00,617.75,179.00,1,194.34
7236.00,5909,4.29,200.00,615.10,149.00,1,165.16
7237.00,5906,1.86,207.00,617.75,158.00,1,173.18
7237.00,5914,4.34,195.00,615.10,144.00,1,164.32
7239.00,5870,1.70,252.00,596.93,200.00,1,213.53
7240.00,5922,3.82,189.00,615.10,141.00,1,153.42
7241.00,5873,1.13,251.00,596.93,200.00,1,219.18
7241.00,5931,2.11,181.00,615.10,129.00,1,151.35
7242.00,5874,2.94,249.00,596.93,199.00,1,220.19
7242.00,5910,6.10,203.00,617.75,149.00,1,163.55
7243.00,5915,6.15,198.00,617.75,145.00,1,166.90
7243.00,5953,1.93,157.00,615.10,104.00,1,125.26
7244.00,5882,-0.58,245.00,596.93,193.00,1,213.50
7244.00,5980,-0.20,128.00,615.10,76.00,1,94.78
7245.00,5918,5.58,197.00,617.75,144.00,1,166.66
7246.00,5935,3.35,180.00,617.75,127.00,1,147.10
7247.00,5899,-0.81,228.00,596.93,174.00,1,194.40
7249.00,6005,-0.95,104.00,615.10,49.00,1,64.77
7250.00,6011,-0.09,97.00,615.10,45.00,1,64.64
7251.00,5904,1.24,224.00,596.93,168.00,1,187.92
7251.00,5937,3.97,182.00,617.75,124.00,1,144.21
7252.00,6024,-0.56,84.00,615.10,28.00,1,49.74
7253.00,5923,5.63,199.00,596.93,142.00,1,164.76
7253.00,5947,-0.93,177.00,617.75,119.00,1,140.24
7253.00,6028,-0.32,80.00,615.10,27.00,1,43.51
7254.00,5926,5.06,197.00,596.93,140.00,1,172.06
7254.00,6033,-0.27,75.00,615.10,23.00,1,41.64
7255.00,5951,-0.69,174.00,617.75,118.00,1,145.65
7256.00,6041,-0.79,68.00,615.10,17.00,1,38.42
7260.00,5956,1.36,171.00,617.75,110.00,1,128.70
7261.00,5961,-0.59,168.00,615.10,122.00,1,136.01
7261.00,5969,-0.11,158.00,615.10,115.00,1,127.57
7263.00,5967,-0.73,163.00,596.93,118.00,1,130.81
7264.00,5974,-0.06,155.00,615.10,107.00,1,120.44
7265.00,5962,1.22,169.00,617.75,118.00,1,129.07
7265.00,5971,0.51,159.00,596.93,113.00,1,128.24
7265.00,5987,-0.53,141.00,615.10,91.00,1,104.39
7267.00,6002,-0.38,125.00,615.10,74.00,1,93.47
7268.00,5984,-0.96,148.00,617.75,98.00,1,111.84
7269.00,5975,1.75,157.00,596.93,108.00,1,123.18
7269.00,5992,-0.48,139.00,607.65,90.00,1,105.97
7269.00,6003,1.43,124.00,615.10,70.00,2,89.27
7270.00,6032,1.92,90.00,615.10,39.00,1,57.87
7271.00,5979,-0.01,156.00,596.93,106.00,1,122.65
7271.00,6009,0.29,120.00,615.10,69.00,1,84.27
7273.00,6007,-0.33,125.00,596.93,75.00,1,93.30
7275.00,6012,-0.28,121.00,596.93,72.00,1,92.97
7275.00,6015,2.15,115.00,617.75,62.00,1,86.83
7277.00,6018,1.58,114.00,596.93,65.00,1,85.72
7278.00,6040,-0.60,91.00,617.75,39.00,1,61.56
7279.00,6014,0.34,122.00,617.75,63.00,1,78.59
7282.00,6022,-0.18,116.00,615.10,74.00,1,89.26
7286.00,5960,-0.40,194.00,617.75,115.00,3,158.18
7286.00,6016,-0.04,127.00,615.10,80.00,1,92.06
7287.00,6030,-0.70,112.00,586.83,66.00,1,78.65
7289.00,5993,-0.67,158.00,617.75,80.00,1,122.45
7291.00,5995,1.95,155.00,617.75,80.00,1,121.02
7293.00,6038,4.78,103.00,596.93,50.00,1,63.51
7294.00,6035,-0.65,113.00,617.75,62.00,1,77.63
7295.00,6049,-0.31,97.00,596.93,44.00,1,60.27
7296.00,6036,1.16,112.00,617.75,61.00,1,77.81
7297.00,6037,2.97,110.00,617.75,60.00,1,78.44
7299.00,6039,6.59,106.00,617.75,54.00,1,77.22
7301.00,6050,1.50,100.00,617.75,51.00,1,72.25
7376.00,5919,-0.61,333.00,596.93,265.00,3,298.35
7377.00,5880,0.80,379.00,617.75,315.00,3,346.14
7378.00,5936,1.16,313.00,596.93,245.00,3,281.01
7378.00,5963,-0.97,283.00,615.10,223.00,2,248.57
7379.00,5886,-0.34,375.00,617.75,307.00,3,340.38
7380.00,5943,-0.17,308.00,596.93,237.00,3,277.52
7380.00,5978,1.18,265.00,615.10,206.00,2,227.77
7381.00,5897,-0.43,364.00,617.75,294.00,2,333.31
7381.00,5968,-0.92,280.00,615.10,211.00,2,247.16
7382.00,5983,1.23,261.00,615.10,199.00,3,229.94
7383.00,5954,-0.26,298.00,596.93,221.00,3,265.44
7383.00,5988,4.28,253.00,615.10,191.00,2,223.50
7385.00,5964,0.84,287.00,596.93,213.00,3,256.94
7385.00,5986,3.66,258.00,615.10,195.00,2,223.25
7386.00,5970,-0.30,282.00,617.75,208.00,2,247.56
7386.00,6048,-0.12,189.00,615.10,140.00,1,161.26
7388.00,5985,1.85,264.00,615.10,190.00,2,228.34
7390.00,5977,-0.63,278.00,596.93,197.00,2,241.93
7390.00,5989,6.09,257.00,617.75,177.00,3,223.69
7391.00,5982,-0.58,273.00,596.93,195.00,3,244.19
7392.00,5996,2.76,254.00,617.75,174.00,2,221.64
7393.00,5991,5.71,258.00,596.93,179.00,2,229.25
7395.00,6006,0.86,247.00,596.93,168.00,3,216.80
7398.00,5998,2.38,258.00,617.75,174.00,2,218.14
7399.00,6000,2.00,257.00,617.75,174.00,2,226.36
7400.00,6017,-0.23,240.00,596.93,155.00,2,205.28
7401.00,6001,2.81,257.00,617.75,173.00,2,220.65
7404.00,5934,1.54,341.00,596.93,282.00,2,310.82
7405.00,6043,-0.17,214.00,615.10,157.00,2,180.85
7410.00,5952,0.12,327.00,596.93,260.00,2,288.56
7410.00,5966,1.46,309.00,617.75,248.00,2,277.39
7411.00,5958,4.98,316.00,596.93,251.00,2,286.54
7412.00,5957,3.17,320.00,617.75,252.00,2,274.64
7413.00,5959,6.79,315.00,596.93,248.00,2,284.04
7413.00,5972,-0.68,307.00,617.75,241.00,2,272.39
7415.00,5976,-0.44,304.00,617.75,236.00,2,272.81
7416.00,5981,0.61,298.00,617.75,230.00,2,268.48
7416.00,5990,-0.10,288.00,596.93,217.00,2,253.00
7418.00,5999,-0.81,280.00,617.75,212.00,2,247.79
7423.00,6020,-0.80,260.00,607.65,190.00,2,222.48
7424.00,6027,-0.13,252.00,617.75,182.00,2,221.41
7428.00,6047,-0.93,233.00,617.75,159.00,2,194.45
7446.00,6029,-0.51,272.00,596.93,215.00,2,239.94
7448.00,6031,0.11,271.00,596.93,211.00,2,239.17
7448.00,6045,-0.55,255.00,617.75,196.00,2,219.32
7450.00,6042,0.02,260.00,596.93,201.00,2,230.12
7453.00,6046,1.26,257.00,596.93,195.00,2,225.41
7513.00,6021,0.01,348.00,596.93,257.00,3,315.09
7514.00,6025,0.25,344.00,586.83,255.00,3,313.40
7518.00,6004,1.24,372.00,617.75,283.00,3,331.46
7518.00,6019,0.39,355.00,617.75,269.00,3,320.81
7519.00,6023,0.63,351.00,617.75,264.00,3,320.73
7521.00,6026,-0.94,351.00,617.75,262.00,3,319.18
7524.00,6034,-0.46,344.00,617.75,251.00,3,312.56
7526.00,6044,-0.36,334.00,617.75,246.00,2,306.72
