step,vehicle_id,departDelay,duration,routeLength,waitingTime,waitingCount,timeLoss
40.00,1,-0.19,39.00,615.10,0.00,0,5.09
47.00,0,0.00,47.00,617.75,2.00,1,15.40
49.00,5,-0.95,44.00,615.10,0.00,0,5.00
55.00,9,-0.71,45.00,596.93,0.00,0,7.83
63.00,17,-0.23,43.00,617.75,0.00,0,7.59
67.00,4,-0.76,63.00,617.75,20.00,1,30.77
68.00,23,-0.37,41.00,615.10,0.00,0,5.22
69.00,13,-0.47,54.00,617.75,10.00,1,23.87
73.00,20,-0.80,50.00,617.75,2.00,1,16.98
74.00,26,-0.94,44.00,596.93,0.00,0,9.01
75.00,30,-0.70,40.00,596.93,0.00,0,13.13
77.00,31,1.11,39.00,596.93,0.00,0,11.19
79.00,32,2.92,38.00,615.10,0.00,0,6.04
83.00,37,-0.03,39.00,617.75,0.00,0,10.72
88.00,39,0.59,41.00,615.10,0.00,0,5.06
92.00,40,2.40,42.00,617.75,0.00,0,9.62
93.00,43,1.83,40.00,596.93,0.00,0,8.89
96.00,44,3.64,40.00,596.93,0.00,0,9.03
100.00,53,0.93,36.00,615.10,0.00,0,6.20
103.00,52,-0.88,42.00,617.75,0.00,0,8.89
105.00,54,2.74,38.00,615.10,0.00,0,6.37
111.00,55,4.55,41.00,596.93,0.00,0,9.40
111.00,57,5.17,38.00,617.75,0.00,0,8.77
111.00,60,4.60,35.00,615.10,0.00,0,5.22
116.00,62,5.22,37.00,615.10,0.00,0,5.09
123.00,63,7.03,41.00,596.93,0.00,0,9.18
129.00,66,6.46,44.00,596.93,0.00,0,8.60
131.00,3,1.43,126.00,615.10,82.00,1,95.97
133.00,2,-0.38,131.00,615.10,85.00,1,98.87
133.00,8,-0.52,124.00,617.75,76.00,1,88.61
133.00,10,0.10,121.00,596.93,77.00,1,91.81
134.00,12,0.72,119.00,617.75,72.00,1,87.59
134.00,14,1.34,116.00,615.10,67.00,1,83.14
135.00,34,-0.46,95.00,615.10,47.00,1,63.07
138.00,15,3.15,117.00,596.93,69.00,1,82.57
138.00,25,-0.75,109.00,615.10,60.00,1,72.00
138.00,41,-0.79,90.00,615.10,39.00,1,56.90
140.00,42,1.02,89.00,615.10,42.00,1,59.68
140.00,59,-0.21,70.00,615.10,19.00,1,36.80
140.00,61,-0.59,68.00,596.93,21.00,1,38.88
141.00,29,-0.51,107.00,617.75,55.00,1,71.53
146.00,50,-0.50,87.00,617.75,34.00,1,48.52
148.00,69,-0.11,66.00,617.75,13.00,1,33.18
149.00,70,1.70,64.00,617.75,12.00,1,31.77
152.00,95,-0.05,39.00,596.93,0.00,0,8.20
153.00,74,-0.06,65.00,617.75,10.00,1,30.12
154.00,76,0.56,63.00,617.75,8.00,1,31.23
158.00,99,1.19,39.00,596.93,0.00,0,9.88
160.00,97,0.57,44.00,617.75,0.00,0,7.41
165.00,103,-0.57,43.00,596.93,0.00,0,9.39
167.00,106,-0.14,41.00,617.75,0.00,0,8.37
170.00,107,1.67,41.00,617.75,0.00,0,8.93
171.00,108,3.48,39.00,596.93,0.00,0,9.17
171.00,116,-0.04,33.00,615.10,0.00,0,5.52
185.00,122,-0.18,40.00,596.93,0.00,0,8.71
186.00,125,-0.75,38.00,596.93,0.00,0,9.84
193.00,6,-0.14,186.00,615.10,142.00,1,155.56
194.00,11,1.91,179.00,607.65,134.00,1,147.43
195.00,19,-0.61,173.00,615.10,130.00,1,144.80
196.00,16,-0.04,177.00,615.10,127.00,1,140.36
196.00,21,0.01,171.00,615.10,122.00,1,139.14
198.00,7,1.67,188.00,596.93,138.00,1,151.84
198.00,22,1.82,170.00,615.10,124.00,1,137.05
198.00,35,0.35,156.00,615.10,107.00,1,124.59
200.00,33,-0.27,161.00,617.75,115.00,1,132.07
200.00,75,-0.25,111.00,615.10,61.00,1,78.11
202.00,24,2.44,171.00,596.93,120.00,1,132.39
203.00,49,1.69,143.00,615.10,91.00,1,105.73
203.00,91,3.71,91.00,615.10,37.00,1,54.80
204.00,36,2.16,159.00,617.75,109.00,1,124.76
204.00,100,0.00,85.00,615.10,33.00,1,55.07
205.00,38,2.78,157.00,617.75,108.00,1,127.21
205.00,56,-0.64,139.00,596.93,88.00,1,103.61
206.00,102,3.62,81.00,615.10,31.00,1,47.68
207.00,101,1.81,85.00,615.10,31.00,2,51.82
208.00,45,-0.55,155.00,617.75,105.00,1,124.11
208.00,72,-0.68,123.00,596.93,72.00,1,88.61
209.00,119,1.39,66.00,615.10,14.00,1,35.75
210.00,83,-0.77,112.00,596.93,59.00,1,78.86
211.00,84,1.04,110.00,596.93,59.00,1,81.81
211.00,120,3.20,65.00,615.10,9.00,1,30.44
213.00,48,-0.12,156.00,617.75,102.00,1,117.92
214.00,86,1.66,110.00,596.93,57.00,1,78.34
214.00,87,3.47,107.00,617.75,55.00,1,75.34
216.00,89,3.09,107.00,617.75,52.00,1,74.79
218.00,105,3.05,90.00,617.75,36.00,1,58.86
218.00,118,-0.42,78.00,596.93,21.00,1,44.99
219.00,128,-0.32,67.00,596.93,12.00,1,38.65
219.00,152,-0.88,39.00,615.10,0.00,0,8.55
222.00,132,-0.08,65.00,596.93,8.00,1,32.30
223.00,110,0.10,92.00,617.75,34.00,1,56.24
224.00,134,0.54,64.00,596.93,6.00,1,37.84
226.00,145,-0.55,54.00,596.93,0.00,0,25.71
228.00,111,1.91,94.00,617.75,33.00,1,55.10
229.00,123,2.63,80.00,617.75,19.00,1,47.68
231.00,131,-0.89,76.00,617.75,15.00,1,44.58
232.00,136,2.16,68.00,607.65,9.00,1,38.99
236.00,165,-0.35,40.00,615.10,0.00,0,5.22
238.00,168,-0.92,39.00,615.10,0.00,0,6.16
247.00,172,1.32,41.00,615.10,0.00,0,5.49
248.00,171,-0.49,45.00,617.75,0.00,0,7.51
248.00,173,3.13,39.00,596.93,0.00,0,11.44
251.00,174,4.94,39.00,615.10,0.00,0,5.85
256.00,177,4.37,41.00,596.93,0.00,0,9.22
258.00,179,4.99,40.00,596.93,0.00,0,10.36
261.00,182,4.42,40.00,596.93,0.00,0,9.26
265.00,184,5.04,41.00,607.65,0.00,0,6.83
271.00,28,1.68,236.00,596.93,191.00,1,207.57
272.00,27,-0.13,240.00,615.10,194.00,1,206.56
272.00,47,1.07,215.00,615.10,169.00,1,179.53
273.00,18,1.58,250.00,617.75,204.00,1,214.47
273.00,51,-0.69,213.00,596.93,168.00,1,185.76
274.00,85,-0.15,173.00,615.10,125.00,1,139.74
275.00,46,-0.74,221.00,617.75,173.00,1,187.90
276.00,104,-0.76,153.00,615.10,102.00,1,117.13
278.00,58,-0.02,209.00,596.93,162.00,1,177.45
278.00,109,-0.71,149.00,615.10,97.00,1,115.04
279.00,64,-0.16,203.00,617.75,152.00,1,167.56
279.00,112,-0.28,146.00,615.10,90.00,2,116.81
281.00,67,2.27,199.00,617.75,148.00,1,162.52
281.00,117,-0.23,142.00,615.10,86.00,1,109.63
282.00,114,0.34,146.00,615.10,91.00,2,116.80
283.00,65,1.65,204.00,596.93,149.00,1,167.48
283.00,71,0.51,198.00,617.75,147.00,1,164.13
283.00,124,-0.56,136.00,605.00,83.00,1,106.32
284.00,82,-0.58,187.00,596.93,136.00,1,155.77
285.00,78,-0.82,193.00,617.75,141.00,1,160.39
285.00,121,-0.99,142.00,615.10,87.00,2,113.00
287.00,138,-0.22,123.00,615.10,74.00,2,90.89
289.00,92,-0.48,180.00,596.93,124.00,1,141.55
289.00,93,1.33,177.00,617.75,123.00,1,140.85
290.00,94,3.14,175.00,617.75,120.00,1,144.83
290.00,160,0.60,99.00,615.10,49.00,1,62.83
292.00,127,-0.13,141.00,596.93,82.00,1,102.45
292.00,169,-0.11,91.00,615.10,40.00,1,56.75
293.00,96,3.76,175.00,617.75,119.00,1,141.60
293.00,141,2.21,123.00,596.93,67.00,1,94.91
293.00,191,0.71,65.00,615.10,13.00,1,30.45
294.00,149,1.69,115.00,615.10,56.00,2,83.92
294.00,198,-0.62,59.00,615.10,10.00,1,29.12
295.00,133,-0.27,137.00,615.10,80.00,1,105.56
296.00,139,1.59,129.00,615.10,72.00,1,95.75
296.00,215,-0.85,41.00,615.10,0.00,0,11.37
297.00,158,-0.02,109.00,615.10,45.00,2,73.44
298.00,143,2.83,125.00,617.75,69.00,1,95.78
299.00,181,-0.39,84.00,615.10,22.00,1,52.22
299.00,201,-0.19,60.00,615.10,8.00,1,23.51
302.00,187,-0.53,80.00,596.93,20.00,1,44.49
303.00,189,0.09,78.00,586.83,19.00,1,45.30
305.00,146,2.26,129.00,617.75,66.00,1,91.18
305.00,207,-0.33,59.00,596.93,4.00,1,26.77
306.00,167,-0.73,108.00,617.75,46.00,1,75.81
308.00,176,-0.44,99.00,617.75,37.00,1,68.25
308.00,216,0.96,50.00,596.93,0.00,0,17.10
310.00,183,0.23,92.00,617.75,31.00,1,61.43
310.00,221,0.01,47.00,596.93,0.00,0,18.64
313.00,193,1.33,82.00,617.75,20.00,1,51.18
314.00,225,-0.75,47.00,596.93,0.00,0,13.76
316.00,196,-0.24,83.00,617.75,18.00,1,50.79
316.00,236,-0.84,36.00,615.10,0.00,0,5.01
318.00,204,-0.76,76.00,617.75,11.00,1,44.90
322.00,238,-0.22,39.00,596.93,0.00,0,9.65
323.00,219,0.39,62.00,617.75,0.00,0,25.81
325.00,227,-0.13,55.00,617.75,0.00,0,24.86
326.00,239,1.59,40.00,617.75,0.00,0,10.85
331.00,245,-0.55,40.00,596.93,0.00,0,8.55
339.00,251,-0.69,41.00,615.10,0.00,0,4.37
340.00,252,1.12,39.00,615.10,0.00,0,6.88
346.00,256,-0.64,42.00,617.75,0.00,0,7.63
349.00,261,0.41,38.00,617.75,0.00,0,7.93
352.00,259,-0.21,44.00,615.10,0.00,0,5.36
361.00,79,2.99,264.00,596.93,223.00,1,234.34
362.00,68,7.08,274.00,615.10,229.00,1,243.37
363.00,73,4.13,272.00,617.75,227.00,1,240.48
364.00,80,4.80,264.00,615.10,216.00,1,232.96
364.00,88,1.28,258.00,615.10,209.00,2,226.50
366.00,77,2.37,272.00,617.75,225.00,1,237.99
366.00,90,1.90,257.00,615.10,211.00,1,225.36
367.00,81,6.61,264.00,615.10,217.00,1,231.41
367.00,130,-0.70,213.00,596.93,168.00,1,181.12
368.00,140,-0.60,202.00,615.10,153.00,1,173.01
369.00,137,-0.03,206.00,596.93,159.00,1,174.88
370.00,98,-0.62,254.00,617.75,206.00,1,224.24
370.00,142,0.02,201.00,605.00,150.00,2,167.44
372.00,159,-0.21,183.00,615.10,131.00,1,155.01
373.00,150,0.50,194.00,615.10,140.00,1,160.38
374.00,113,-0.47,240.00,617.75,190.00,1,206.70
374.00,164,-0.16,179.00,596.93,129.00,1,148.74
374.00,205,-0.95,131.00,615.10,79.00,1,99.31
375.00,212,-0.28,123.00,605.00,76.00,1,91.81
376.00,170,-0.30,174.00,596.93,124.00,1,144.17
377.00,115,0.15,240.00,617.75,187.00,1,204.15
377.00,213,-0.47,124.00,596.93,75.00,1,94.89
377.00,217,0.77,118.00,615.10,68.00,1,87.76
379.00,148,-0.12,203.00,617.75,151.00,1,168.47
379.00,232,-0.08,103.00,615.10,50.00,1,69.70
380.00,154,-0.26,197.00,617.75,144.00,1,166.09
380.00,241,-0.79,94.00,615.10,44.00,1,62.59
383.00,162,0.22,190.00,607.65,137.00,1,156.78
384.00,163,-0.97,191.00,617.75,135.00,1,161.63
384.00,214,1.34,128.00,596.93,71.00,1,90.31
385.00,220,0.20,123.00,596.93,68.00,1,91.42
387.00,248,-0.12,92.00,596.93,36.00,1,63.72
387.00,284,-0.96,50.00,615.10,0.00,0,8.19
388.00,188,-0.72,165.00,617.75,110.00,1,131.13
388.00,249,1.69,90.00,596.93,35.00,1,61.06
388.00,288,-0.72,46.00,615.10,0.00,0,16.96
392.00,250,3.50,91.00,596.93,34.00,1,57.24
393.00,199,-0.81,157.00,617.75,96.00,1,116.90
394.00,210,-0.90,145.00,617.75,88.00,1,115.43
395.00,267,-0.73,78.00,596.93,21.00,1,43.13
396.00,235,-0.65,117.00,617.75,58.00,1,82.56
397.00,243,-0.17,108.00,607.65,50.00,1,75.23
397.00,278,0.18,66.00,596.93,7.00,1,33.31
399.00,281,-0.39,65.00,596.93,5.00,1,35.12
400.00,246,-0.74,108.00,617.75,48.00,1,73.93
400.00,293,0.33,51.00,596.93,0.00,0,23.02
400.00,304,-0.76,39.00,615.10,0.00,0,6.29
402.00,257,-0.83,97.00,617.75,38.00,1,71.24
405.00,277,-0.63,76.00,617.75,15.00,1,48.10
408.00,292,-0.48,61.00,617.75,0.00,0,30.87
412.00,305,1.05,48.00,617.75,0.00,0,12.93
413.00,311,-0.09,43.00,617.75,0.00,0,12.88
415.00,312,0.72,43.00,617.75,0.00,0,12.85
415.00,320,0.20,34.00,615.10,0.00,0,6.21
416.00,318,-0.42,38.00,586.83,0.00,0,11.16
425.00,325,0.25,38.00,615.10,0.00,0,6.07
429.00,321,2.01,45.00,617.75,0.00,0,7.04
431.00,328,-0.32,41.00,617.75,0.00,0,7.96
432.00,330,0.30,39.00,615.10,0.00,0,5.13
432.00,334,1.54,33.00,615.10,0.00,0,5.57
437.00,332,0.92,41.00,596.93,0.00,0,9.62
447.00,343,-0.17,39.00,615.10,0.00,0,5.54
456.00,347,-0.93,44.00,615.10,0.00,0,4.81
459.00,349,-0.31,44.00,596.93,0.00,0,8.37
465.00,351,0.31,47.00,617.75,0.00,0,6.41
467.00,356,-0.64,44.00,617.75,0.00,0,9.20
468.00,360,-0.40,40.00,607.65,0.00,0,12.19
475.00,126,1.06,324.00,596.93,281.00,1,292.68
476.00,147,-0.93,302.00,617.75,256.00,1,269.27
477.00,129,0.49,323.00,615.10,278.00,1,290.77
478.00,135,-0.65,318.00,596.93,273.00,1,286.51
479.00,186,-0.34,258.00,615.10,212.00,1,227.88
480.00,151,-0.69,301.00,617.75,253.00,1,267.56
481.00,156,2.36,293.00,617.75,246.00,1,264.89
482.00,153,-0.07,300.00,596.93,252.00,1,265.34
483.00,144,-0.36,312.00,615.10,256.00,1,268.81
484.00,155,0.55,299.00,596.93,250.00,1,270.36
484.00,157,4.17,293.00,617.75,244.00,1,262.24
484.00,197,0.57,249.00,615.10,199.00,1,212.70
484.00,202,-0.38,244.00,615.10,195.00,1,212.97
485.00,161,2.41,291.00,596.93,243.00,1,261.26
486.00,211,2.91,232.00,615.10,180.00,1,200.98
487.00,166,-0.54,290.00,617.75,239.00,1,256.49
493.00,192,1.52,263.00,596.93,218.00,1,234.15
493.00,194,2.14,260.00,615.10,214.00,1,228.01
494.00,185,6.85,267.00,615.10,218.00,1,232.28
495.00,200,0.00,257.00,617.75,211.00,1,221.62
495.00,223,1.63,228.00,615.10,179.00,1,197.58
496.00,203,-0.57,255.00,617.75,209.00,1,225.08
496.00,226,4.06,223.00,615.10,176.00,1,197.27
497.00,230,5.30,218.00,596.93,172.00,1,187.34
499.00,229,3.49,223.00,615.10,173.00,2,190.59
499.00,264,-0.16,185.00,596.93,139.00,1,156.29
501.00,298,-0.62,147.00,615.10,95.00,1,113.91
502.00,222,-0.18,238.00,617.75,184.00,1,198.08
502.00,306,-0.14,138.00,615.10,90.00,1,107.69
503.00,224,3.44,233.00,617.75,181.00,1,200.62
503.00,268,-0.92,185.00,596.93,136.00,1,151.66
504.00,308,0.48,137.00,615.10,85.00,1,104.37
505.00,253,-0.07,204.00,617.75,152.00,1,169.99
505.00,269,-0.11,185.00,596.93,135.00,1,159.29
506.00,324,-0.56,121.00,615.10,68.00,1,86.78
507.00,285,-0.15,168.00,596.93,117.00,1,136.94
508.00,331,-0.89,115.00,615.10,63.00,1,83.12
509.00,271,1.51,185.00,617.75,131.00,1,147.02
509.00,366,1.46,72.00,615.10,24.00,1,43.09
510.00,302,-0.38,151.00,596.93,98.00,1,118.76
510.00,391,1.71,43.00,615.10,0.00,0,14.43
511.00,273,2.13,184.00,617.75,129.00,1,149.82
512.00,295,-0.05,161.00,617.75,107.00,1,126.74
512.00,394,1.14,42.00,615.10,0.00,0,14.81
514.00,315,-0.85,140.00,617.75,85.00,1,110.77
514.00,326,0.06,126.00,596.93,70.00,1,91.40
516.00,316,0.96,139.00,617.75,85.00,1,109.60
517.00,359,-0.21,90.00,615.10,33.00,1,53.10
517.00,380,-0.20,65.00,615.10,9.00,1,27.40
519.00,381,1.61,64.00,596.93,8.00,1,30.56
521.00,335,-0.65,123.00,617.75,65.00,1,85.68
522.00,336,1.16,121.00,617.75,64.00,1,92.75
523.00,382,3.42,65.00,596.93,6.00,1,27.45
524.00,383,5.23,63.00,596.93,4.00,1,34.95
525.00,337,2.97,121.00,617.75,62.00,1,88.15
527.00,389,1.09,63.00,596.93,4.00,1,28.75
528.00,363,-0.97,97.00,617.75,36.00,1,60.79
529.00,365,-0.35,95.00,607.65,34.00,1,66.07
530.00,405,0.05,48.00,596.93,0.00,0,13.81
533.00,373,-0.87,90.00,617.75,29.00,1,53.59
536.00,374,0.94,90.00,617.75,26.00,1,54.16
537.00,404,-0.76,57.00,617.75,0.00,0,27.15
542.00,418,-0.42,45.00,617.75,0.00,0,8.97
548.00,427,-0.13,40.00,596.93,0.00,0,9.29
555.00,438,-0.22,34.00,615.10,0.00,0,6.17
556.00,431,-0.89,44.00,615.10,0.00,0,5.40
556.00,435,-0.65,39.00,596.93,0.00,0,9.49
569.00,440,0.40,45.00,617.75,0.00,0,7.32
571.00,441,2.21,44.00,617.75,0.00,0,7.86
578.00,457,-0.83,35.00,615.10,0.00,0,5.59
579.00,452,-0.88,42.00,617.75,0.00,0,7.74
581.00,453,0.93,41.00,596.93,0.00,0,9.25
585.00,464,-0.16,33.00,615.10,0.00,0,6.59
594.00,458,0.98,48.00,596.93,0.00,0,8.11
596.00,465,1.65,41.00,596.93,0.00,0,9.87
596.00,470,-0.30,37.00,615.10,0.00,0,5.84
605.00,471,1.51,43.00,596.93,0.00,0,8.61
607.00,473,2.13,42.00,596.93,0.00,0,10.25
609.00,477,0.37,41.00,596.93,0.00,0,9.27
614.00,289,-0.91,271.00,615.10,229.00,1,243.64
615.00,275,-0.25,288.00,615.10,245.00,1,255.15
616.00,270,-0.30,295.00,617.75,249.00,1,261.09
616.00,296,2.76,261.00,615.10,216.00,1,232.06
617.00,294,2.14,265.00,615.10,211.00,1,234.06
618.00,290,0.90,272.00,615.10,224.00,1,239.16
618.00,319,0.39,238.00,596.93,193.00,1,209.53
620.00,299,6.19,258.00,615.10,213.00,1,229.99
621.00,291,2.71,272.00,617.75,222.00,1,237.78
621.00,317,-0.23,244.00,615.10,193.00,1,211.37
622.00,339,-0.41,219.00,615.10,163.00,1,191.64
623.00,344,-0.36,214.00,615.10,160.00,1,181.22
624.00,297,5.57,265.00,617.75,215.00,1,231.45
624.00,350,1.50,206.00,596.93,159.00,1,174.77
625.00,345,1.45,213.00,615.10,159.00,2,179.35
626.00,300,8.00,261.00,617.75,211.00,1,229.64
626.00,353,3.93,202.00,596.93,153.00,1,170.93
627.00,372,-0.68,185.00,615.10,135.00,1,153.29
629.00,307,2.67,261.00,617.75,209.00,1,227.69
629.00,392,-0.48,163.00,615.10,112.00,1,130.34
630.00,354,5.74,203.00,596.93,151.00,1,170.36
630.00,423,-0.37,127.00,615.10,75.00,1,95.25
631.00,313,-0.47,259.00,607.65,207.00,1,228.17
632.00,355,7.55,202.00,596.93,151.00,1,171.22
632.00,424,1.44,126.00,615.10,72.00,1,93.77
634.00,455,0.55,92.00,615.10,42.00,1,56.30
635.00,369,-0.11,196.00,596.93,142.00,1,164.29
636.00,322,-0.18,253.00,617.75,195.00,1,215.02
638.00,348,0.88,223.00,617.75,160.00,1,193.46
639.00,459,-0.21,93.00,615.10,39.00,1,51.57
641.00,352,2.12,220.00,617.75,162.00,1,185.47
641.00,375,-0.25,195.00,586.83,138.00,1,156.23
641.00,403,-0.57,162.00,596.93,106.00,1,133.12
641.00,475,-0.25,76.00,615.10,18.00,1,42.02
642.00,364,-0.16,209.00,617.75,152.00,1,175.80
642.00,481,-0.39,70.00,615.10,15.00,1,39.32
644.00,406,-0.14,161.00,596.93,105.00,1,126.98
644.00,486,-0.34,66.00,615.10,11.00,1,39.80
645.00,367,-0.73,209.00,617.75,150.00,1,176.15
646.00,409,-0.71,160.00,596.93,102.00,1,127.33
647.00,417,-0.23,151.00,596.93,93.00,1,122.68
649.00,378,-0.82,200.00,607.65,139.00,1,164.54
651.00,385,-0.15,193.00,617.75,132.00,1,161.00
651.00,426,2.06,142.00,596.93,83.00,1,110.66
652.00,460,1.60,103.00,596.93,44.00,1,74.75
653.00,428,2.68,141.00,617.75,78.00,1,106.99
654.00,463,1.03,102.00,596.93,43.00,1,74.11
657.00,521,-0.99,38.00,615.10,0.00,0,8.62
660.00,434,-0.46,144.00,617.75,76.00,1,100.64
661.00,454,-0.26,121.00,617.75,53.00,1,82.16
661.00,469,-0.11,103.00,596.93,36.00,1,66.03
662.00,478,-0.82,94.00,617.75,28.00,1,56.07
662.00,519,-0.61,45.00,596.93,0.00,0,15.18
663.00,511,-0.09,55.00,617.75,0.00,0,22.42
665.00,512,0.72,55.00,617.75,0.00,0,24.63
667.00,527,-0.13,40.00,596.93,0.00,0,8.57
675.00,532,-0.08,42.00,596.93,0.00,0,8.75
680.00,536,-0.84,43.00,596.93,0.00,0,9.33
686.00,542,-0.98,42.00,617.75,0.00,0,8.78
709.00,562,-0.78,41.00,617.75,0.00,0,7.64
716.00,565,1.65,42.00,617.75,0.00,0,8.22
717.00,564,-0.16,46.00,596.93,0.00,0,8.09
719.00,362,3.22,285.00,596.93,243.00,1,258.84
722.00,396,-0.24,251.00,615.10,206.00,1,218.39
723.00,361,1.41,292.00,617.75,246.00,1,257.28
723.00,368,-0.92,286.00,596.93,240.00,1,257.24
724.00,397,1.57,250.00,615.10,203.00,1,220.78
725.00,377,-0.63,277.00,617.75,230.00,1,245.83
725.00,402,4.62,242.00,615.10,198.00,1,210.62
726.00,386,-0.34,267.00,596.93,219.00,1,235.37
726.00,388,0.28,264.00,617.75,219.00,1,236.23
727.00,415,3.15,230.00,615.10,184.00,1,199.65
728.00,393,-0.67,261.00,596.93,216.00,1,231.89
729.00,398,3.38,252.00,596.93,206.00,1,227.00
729.00,420,0.20,229.00,615.10,183.00,1,195.40
730.00,400,4.00,250.00,617.75,200.00,1,215.87
731.00,412,1.72,239.00,615.10,186.00,2,205.97
732.00,408,0.48,246.00,617.75,195.00,1,212.69
733.00,421,2.01,230.00,596.93,180.00,1,199.28
733.00,430,2.30,219.00,615.10,170.00,1,194.27
734.00,410,1.10,245.00,617.75,195.00,1,214.38
734.00,442,-0.98,209.00,615.10,162.00,1,180.04
736.00,456,-0.64,194.00,615.10,142.00,1,163.83
737.00,414,2.34,242.00,617.75,187.00,2,208.32
737.00,422,3.82,231.00,596.93,179.00,1,197.17
737.00,474,-0.06,173.00,615.10,124.00,1,142.33
738.00,449,1.69,202.00,596.93,152.00,1,173.80
739.00,480,-0.20,168.00,615.10,119.00,1,136.62
740.00,500,0.00,145.00,615.10,95.00,1,115.22
741.00,425,3.25,232.00,617.75,177.00,1,194.05
741.00,467,-0.73,186.00,596.93,132.00,1,153.81
742.00,429,1.49,230.00,617.75,178.00,1,203.19
742.00,509,-0.71,137.00,615.10,89.00,1,108.21
744.00,468,1.08,186.00,596.93,131.00,1,154.97
745.00,439,-0.41,223.00,617.75,167.00,1,187.00
751.00,178,-0.82,540.00,617.75,486.00,2,509.86
752.00,175,-0.25,544.00,596.93,489.00,2,509.14
752.00,247,0.07,458.00,615.10,400.00,2,427.23
753.00,180,-0.20,539.00,617.75,485.00,2,508.84
753.00,234,1.54,473.00,615.10,416.00,2,437.85
755.00,190,-0.10,529.00,596.93,470.00,2,493.00
756.00,206,-0.14,511.00,596.93,452.00,2,479.57
756.00,262,1.22,443.00,615.10,382.00,2,412.02
758.00,208,0.48,510.00,596.93,451.00,2,476.63
759.00,195,-0.05,527.00,617.75,465.00,2,487.91
759.00,266,2.46,440.00,615.10,380.00,2,407.06
760.00,209,2.29,509.00,596.93,449.00,2,477.01
760.00,260,0.60,450.00,615.10,388.00,2,407.07
761.00,231,-0.89,487.00,617.75,427.00,2,457.35
761.00,265,0.65,445.00,615.10,381.00,3,411.35
762.00,218,-0.42,503.00,596.93,442.00,2,472.92
763.00,276,0.56,434.00,615.10,375.00,2,397.52
764.00,228,-0.32,493.00,596.93,433.00,2,462.93
764.00,237,0.97,481.00,617.75,416.00,2,443.07
765.00,233,-0.27,488.00,596.93,426.00,2,460.70
765.00,240,0.40,479.00,617.75,414.00,2,444.21
765.00,280,1.80,430.00,615.10,366.00,3,397.41
766.00,301,-0.19,408.00,615.10,345.00,2,374.15
767.00,244,1.64,475.00,617.75,410.00,2,442.44
768.00,333,-0.27,372.00,615.10,308.00,2,337.65
768.00,340,-0.60,364.00,615.10,303.00,2,334.59
769.00,258,0.98,461.00,617.75,394.00,2,427.82
770.00,242,1.02,481.00,596.93,416.00,2,448.20
770.00,346,0.26,358.00,615.10,295.00,2,328.49
771.00,358,0.98,344.00,615.10,283.00,2,314.48
773.00,283,4.23,432.00,615.10,364.00,2,400.61
774.00,274,0.94,447.00,617.75,376.00,2,408.72
774.00,376,-0.44,327.00,615.10,264.00,2,297.86
775.00,254,-0.26,473.00,596.93,403.00,2,436.30
776.00,399,-0.81,302.00,615.10,252.00,1,271.55
777.00,286,3.66,433.00,617.75,363.00,2,399.53
778.00,411,-0.09,289.00,615.10,238.00,1,256.32
780.00,263,10.03,457.00,586.83,386.00,2,423.66
780.00,309,-0.71,413.00,617.75,340.00,2,381.08
780.00,433,0.73,264.00,615.10,214.00,1,233.04
782.00,272,-0.68,459.00,596.93,385.00,2,428.92
783.00,255,1.55,478.00,596.93,401.00,2,432.52
784.00,310,0.10,415.00,617.75,340.00,2,377.81
784.00,436,0.16,265.00,615.10,213.00,1,228.24
785.00,279,-0.01,453.00,596.93,377.00,2,419.22
785.00,447,-0.93,254.00,615.10,202.00,2,227.40
787.00,450,1.50,250.00,615.10,197.00,1,219.61
788.00,282,2.42,450.00,596.93,373.00,2,416.11
788.00,323,-0.37,404.00,617.75,323.00,2,364.27
789.00,451,3.31,249.00,615.10,197.00,1,212.88
790.00,329,0.49,398.00,617.75,319.00,2,360.92
790.00,462,1.22,239.00,615.10,188.00,1,207.48
791.00,287,4.47,445.00,596.93,365.00,2,409.28
791.00,338,-0.22,389.00,617.75,313.00,2,354.93
792.00,303,0.43,431.00,596.93,350.00,2,400.35
792.00,466,-0.54,238.00,615.10,185.00,1,205.42
793.00,476,-0.44,227.00,615.10,175.00,1,194.85
794.00,314,-0.66,421.00,596.93,341.00,2,394.47
794.00,341,1.21,387.00,617.75,308.00,2,348.66
796.00,371,1.51,353.00,617.75,272.00,2,317.72
796.00,479,-0.01,226.00,615.10,173.00,1,191.65
797.00,327,-0.13,408.00,596.93,327.00,2,374.32
797.00,489,1.09,214.00,615.10,163.00,1,180.33
798.00,384,-0.96,342.00,617.75,262.00,2,311.41
799.00,342,2.02,390.00,596.93,309.00,2,358.18
799.00,390,-0.10,335.00,617.75,256.00,2,304.19
799.00,504,2.24,197.00,615.10,144.00,1,167.92
800.00,540,0.40,157.00,615.10,104.00,1,129.86
802.00,401,-0.19,325.00,617.75,251.00,1,292.58
802.00,548,-0.12,150.00,615.10,98.00,1,122.21
803.00,357,-0.83,379.00,596.93,294.00,2,344.82
804.00,370,-0.30,364.00,596.93,279.00,2,335.85
807.00,407,-0.33,323.00,617.75,251.00,1,284.54
810.00,379,-0.01,359.00,596.93,272.00,3,320.74
810.00,432,-0.08,296.00,617.75,227.00,1,264.67
811.00,387,-0.53,351.00,596.93,261.00,2,315.49
811.00,413,0.53,319.00,617.75,246.00,1,277.44
813.00,444,-0.36,285.00,617.75,215.00,1,249.81
813.00,525,-0.75,189.00,596.93,130.00,2,157.91
814.00,490,2.90,228.00,617.75,158.00,1,197.23
815.00,560,96.60,52.00,615.10,0.00,0,23.56
816.00,494,3.14,225.00,617.75,155.00,1,196.61
817.00,550,1.50,161.00,596.93,100.00,3,128.01
818.00,395,-0.05,348.00,596.93,256.00,4,319.98
818.00,571,92.51,46.00,615.10,0.00,0,14.79
820.00,416,-0.04,325.00,596.93,246.00,1,296.75
822.00,495,2.95,230.00,617.75,156.00,1,191.10
822.00,582,86.42,43.00,615.10,0.00,0,7.76
823.00,498,1.38,229.00,617.75,154.00,1,200.83
823.00,598,70.38,41.00,615.10,0.00,0,12.22
824.00,419,-0.61,326.00,596.93,246.00,1,294.09
825.00,506,2.86,220.00,617.75,146.00,1,187.01
826.00,513,-0.47,216.00,617.75,143.00,1,185.35
829.00,482,-0.58,256.00,596.93,215.00,1,226.52
831.00,483,1.23,255.00,607.65,210.00,1,222.42
832.00,485,1.85,253.00,596.93,209.00,1,222.96
833.00,497,-0.43,242.00,615.10,194.00,1,207.02
833.00,520,-0.80,215.00,615.10,166.00,1,183.67
834.00,487,2.47,252.00,596.93,207.00,1,221.40
835.00,524,1.44,210.00,615.10,160.00,1,177.11
836.00,502,-0.38,239.00,617.75,190.00,1,202.94
837.00,514,-0.66,226.00,617.75,177.00,1,195.50
837.00,526,2.06,209.00,615.10,159.00,2,176.46
838.00,539,-0.41,197.00,615.10,147.00,2,168.06
840.00,544,-0.36,193.00,615.10,141.00,1,161.15
840.00,545,1.45,190.00,596.93,142.00,1,159.45
841.00,523,-0.37,219.00,617.75,168.00,1,185.10
841.00,583,-0.77,148.00,615.10,98.00,2,118.43
843.00,528,2.68,212.00,617.75,156.00,1,178.95
843.00,590,-0.10,141.00,615.10,89.00,2,110.70
844.00,541,0.21,200.00,617.75,148.00,1,170.51
845.00,507,-0.33,242.00,596.93,181.00,1,195.88
846.00,569,-0.11,169.00,596.93,114.00,1,132.01
846.00,597,3.57,132.00,615.10,82.00,1,97.43
847.00,578,-0.82,160.00,596.93,108.00,1,127.11
848.00,592,0.52,143.00,596.93,92.00,1,117.95
848.00,627,-0.13,102.00,615.10,54.00,1,66.52
849.00,636,0.16,92.00,615.10,42.00,1,60.17
850.00,593,2.33,142.00,596.93,88.00,1,111.69
850.00,641,-0.79,88.00,615.10,36.00,1,57.63
851.00,551,-0.69,196.00,617.75,139.00,1,157.93
852.00,561,-0.59,185.00,617.75,130.00,1,150.03
852.00,595,2.95,141.00,615.10,87.00,1,112.16
852.00,602,0.62,135.00,596.93,80.00,1,104.92
852.00,646,-0.74,84.00,615.10,32.00,1,53.09
854.00,609,-0.71,130.00,596.93,76.00,1,100.30
855.00,611,-0.09,128.00,617.75,72.00,1,98.08
855.00,668,-0.92,61.00,615.10,8.00,2,26.77
856.00,614,1.34,124.00,617.75,70.00,1,94.75
862.00,575,-0.25,178.00,596.93,134.00,1,145.58
863.00,586,1.66,164.00,615.10,121.00,1,134.51
863.00,594,-0.86,157.00,615.10,111.00,1,125.82
865.00,585,-0.15,169.00,596.93,124.00,1,136.68
865.00,638,-0.22,106.00,615.10,59.00,1,75.23
866.00,656,1.36,84.00,615.10,39.00,1,55.00
867.00,604,-0.76,149.00,617.75,100.00,1,112.27
869.00,625,1.25,124.00,617.75,77.00,1,93.11
870.00,599,-0.81,158.00,596.93,107.00,1,121.38
870.00,642,-0.98,107.00,617.75,61.00,1,76.95
872.00,617,-0.23,138.00,596.93,89.00,1,108.97
872.00,659,0.79,87.00,615.10,36.00,1,48.47
874.00,652,-0.88,99.00,617.75,48.00,1,64.95
874.00,663,2.03,83.00,615.10,29.00,1,55.68
875.00,619,0.39,138.00,596.93,86.00,1,102.16
875.00,666,1.46,81.00,615.10,26.00,2,50.86
876.00,624,-0.56,134.00,596.93,82.00,1,104.90
877.00,683,1.23,63.00,615.10,8.00,1,29.62
877.00,687,-0.53,60.00,615.10,10.00,1,30.93
878.00,653,-0.07,101.00,617.75,46.00,1,62.70
878.00,691,-0.29,56.00,615.10,2.00,1,26.99
879.00,654,1.74,99.00,617.75,45.00,1,65.95
882.00,645,-0.55,115.00,596.93,57.00,1,76.60
882.00,705,4.05,39.00,615.10,0.00,0,6.82
883.00,661,1.41,95.00,596.93,40.00,1,65.46
884.00,693,0.33,59.00,617.75,4.00,1,23.10
885.00,682,-0.58,74.00,596.93,20.00,1,40.68
885.00,695,0.95,57.00,617.75,3.00,1,25.96
886.00,698,0.38,55.00,596.93,0.00,0,28.74
887.00,699,2.19,53.00,617.75,0.00,0,22.46
888.00,715,1.15,36.00,615.10,0.00,0,7.61
889.00,700,4.00,52.00,596.93,0.00,0,19.65
890.00,704,2.24,50.00,617.75,0.00,0,15.85
892.00,706,5.86,46.00,596.93,0.00,0,13.77
893.00,717,1.77,38.00,617.75,0.00,0,10.00
894.00,713,0.53,45.00,596.93,0.00,0,14.49
903.00,719,2.39,45.00,596.93,0.00,0,8.98
907.00,729,-0.51,40.00,617.75,0.00,0,9.26
909.00,731,3.11,36.00,596.93,0.00,0,11.31
912.00,730,1.30,42.00,617.75,0.00,0,8.83
918.00,734,2.54,42.00,617.75,0.00,0,8.38
919.00,737,1.97,40.00,617.75,0.00,0,10.40
921.00,738,3.78,39.00,596.93,0.00,0,9.12
923.00,740,4.40,38.00,615.10,0.00,0,5.60
929.00,742,5.02,41.00,596.93,0.00,0,10.13
933.00,743,6.83,42.00,596.93,0.00,0,9.37
939.00,443,0.83,411.00,617.75,356.00,2,383.86
939.00,484,-0.96,364.00,596.93,305.00,2,331.57
940.00,505,0.05,339.00,615.10,279.00,3,307.12
941.00,492,0.52,355.00,596.93,298.00,2,326.86
942.00,515,-0.85,330.00,605.00,270.00,2,295.92
943.00,445,0.45,413.00,617.75,355.00,2,378.77
943.00,496,-0.24,353.00,596.93,295.00,2,324.31
944.00,533,-0.27,310.00,615.10,252.00,2,278.06
945.00,446,2.26,412.00,617.75,350.00,2,379.01
947.00,472,-0.68,386.00,617.75,324.00,2,354.15
947.00,503,-0.57,349.00,596.93,287.00,2,315.58
948.00,537,3.97,305.00,615.10,245.00,2,266.97
949.00,491,-0.29,365.00,617.75,302.00,2,333.12
949.00,547,-0.93,299.00,615.10,237.00,2,267.03
950.00,510,1.10,342.00,596.93,276.00,2,310.29
950.00,570,-0.30,272.00,615.10,210.00,2,246.12
951.00,534,1.54,314.00,596.93,250.00,2,283.06
952.00,574,-0.06,269.00,615.10,205.00,2,233.41
953.00,518,-0.42,337.00,617.75,268.00,2,304.32
954.00,588,1.28,253.00,615.10,188.00,2,218.96
955.00,606,-0.14,234.00,615.10,183.00,1,200.53
956.00,535,3.35,316.00,615.10,247.00,2,278.48
956.00,633,-0.27,203.00,615.10,153.00,1,171.41
957.00,522,-0.18,336.00,617.75,264.00,2,297.79
957.00,558,-0.02,293.00,615.10,218.00,2,260.75
958.00,664,-0.16,168.00,615.10,120.00,1,136.94
959.00,530,-0.70,329.00,617.75,259.00,2,301.36
959.00,579,-0.01,270.00,596.93,200.00,2,236.16
959.00,667,-0.73,166.00,605.00,118.00,1,136.06
960.00,531,0.11,328.00,617.75,258.00,2,295.65
961.00,669,-0.11,165.00,615.10,116.00,1,132.94
962.00,580,0.80,271.00,596.93,199.00,2,237.00
962.00,673,2.13,159.00,615.10,110.00,1,127.90
963.00,552,-0.88,307.00,617.75,236.00,2,274.29
964.00,581,3.61,269.00,596.93,196.00,2,235.97
964.00,675,2.75,158.00,615.10,108.00,1,130.71
966.00,677,3.37,157.00,615.10,106.00,1,125.29
967.00,589,3.09,263.00,596.93,191.00,2,229.12
968.00,553,-0.07,310.00,617.75,235.00,2,270.49
969.00,554,0.74,309.00,617.75,233.00,2,272.58
969.00,596,-0.24,260.00,596.93,188.00,2,227.05
971.00,559,1.79,304.00,617.75,226.00,2,268.23
971.00,600,0.00,257.00,596.93,185.00,1,225.19
972.00,688,-0.72,154.00,615.10,99.00,1,113.67
974.00,568,-0.92,299.00,617.75,221.00,3,260.20
974.00,616,-0.04,241.00,596.93,183.00,1,208.72
974.00,692,-0.48,151.00,615.10,97.00,1,121.30
975.00,572,0.32,294.00,617.75,216.00,2,263.20
975.00,696,-0.24,147.00,615.10,93.00,1,118.28
976.00,626,-0.94,232.00,596.93,173.00,1,201.33
977.00,577,-0.63,291.00,617.75,211.00,3,256.98
978.00,709,-0.71,135.00,615.10,79.00,1,94.16
979.00,584,3.04,281.00,617.75,205.00,4,251.15
979.00,712,-0.28,132.00,615.10,77.00,1,100.33
980.00,776,-0.44,57.00,615.10,9.00,1,25.64
981.00,629,-0.51,233.00,596.93,169.00,1,196.89
982.00,587,0.47,283.00,617.75,203.00,4,249.91
982.00,635,0.35,226.00,596.93,165.00,1,197.71
983.00,591,3.71,276.00,617.75,197.00,3,244.58
985.00,601,1.81,268.00,617.75,188.00,3,234.80
985.00,643,-0.17,220.00,596.93,157.00,1,186.43
988.00,644,1.64,220.00,596.93,154.00,1,184.61
988.00,777,1.37,62.00,617.75,10.00,1,30.13
990.00,650,-0.50,217.00,596.93,152.00,1,185.84
992.00,607,1.67,268.00,617.75,184.00,1,232.47
992.00,651,1.31,216.00,596.93,149.00,1,183.69
993.00,671,0.51,194.00,596.93,130.00,1,166.11
996.00,755,3.55,94.00,617.75,27.00,1,56.77
997.00,782,5.42,61.00,615.10,2.00,1,19.24
998.00,702,-0.38,163.00,596.93,96.00,1,128.49
998.00,772,-0.68,80.00,617.75,14.00,1,42.55
1000.00,608,2.48,274.00,617.75,183.00,2,237.91
1000.00,707,-0.33,159.00,596.93,91.00,1,126.45
1001.00,710,1.10,155.00,617.75,90.00,2,123.45
1002.00,720,-0.80,146.00,596.93,77.00,1,114.70
1003.00,728,-0.32,137.00,617.75,73.00,2,104.42
1004.00,741,-0.79,123.00,596.93,52.00,2,93.71
1007.00,631,0.11,256.00,617.75,178.00,1,224.69
1007.00,801,1.81,52.00,615.10,0.00,0,21.11
1009.00,752,1.12,113.00,596.93,38.00,2,77.03
1009.00,785,7.85,67.00,615.10,0.00,0,23.84
1009.00,791,3.71,64.00,615.10,0.00,0,33.20
1010.00,637,0.97,251.00,617.75,170.00,1,217.51
1011.00,756,3.36,108.00,596.93,30.00,2,73.52
1012.00,746,-0.74,125.00,617.75,52.00,1,90.51
1017.00,437,1.97,495.00,596.93,411.00,2,463.56
1017.00,603,67.43,232.00,615.10,184.00,1,199.65
1018.00,612,63.72,226.00,615.10,179.00,1,194.84
1019.00,516,-0.04,405.00,617.75,327.00,2,368.55
1020.00,529,-0.51,391.00,617.75,311.00,2,357.69
1020.00,623,58.63,220.00,615.10,174.00,1,191.28
1021.00,448,0.88,487.00,596.93,401.00,2,451.02
1023.00,461,-0.59,475.00,596.93,387.00,2,440.02
1024.00,543,-0.17,378.00,617.75,297.00,2,341.46
1024.00,658,38.98,202.00,615.10,152.00,1,165.62
1025.00,488,-0.72,445.00,596.93,353.00,3,415.50
1026.00,499,2.19,430.00,596.93,339.00,3,404.33
1026.00,662,40.22,198.00,615.10,149.00,1,161.76
1027.00,549,-0.31,374.00,617.75,285.00,3,338.93
1028.00,493,1.33,440.00,596.93,343.00,3,411.57
1028.00,676,28.56,195.00,615.10,144.00,1,166.25
1029.00,556,97.36,270.00,617.75,186.00,3,236.49
1029.00,660,39.60,204.00,615.10,149.00,2,171.75
1031.00,566,94.46,263.00,607.65,183.00,1,227.72
1031.00,714,1.34,180.00,615.10,129.00,1,147.38
1036.00,689,-0.91,217.00,615.10,170.00,1,190.85
1037.00,613,-0.47,308.00,596.93,248.00,2,274.77
1037.00,621,1.01,297.00,617.75,235.00,2,264.83
1038.00,620,-0.80,301.00,596.93,240.00,2,273.78
1038.00,648,-0.12,267.00,615.10,206.00,2,233.31
1039.00,708,-0.52,197.00,615.10,150.00,2,167.88
1040.00,622,2.82,297.00,617.75,234.00,2,263.91
1040.00,634,-0.46,286.00,596.93,226.00,2,255.45
1043.00,670,-0.30,246.00,596.93,182.00,2,215.58
1044.00,674,-0.06,242.00,617.75,178.00,2,204.14
1045.00,711,-0.09,199.00,617.75,149.00,1,170.03
1045.00,727,-0.13,180.00,615.10,129.00,1,140.98
1047.00,726,5.06,178.00,605.00,124.00,1,146.01
1047.00,757,-0.83,147.00,605.00,95.00,1,117.02
1048.00,701,-0.19,214.00,596.93,164.00,1,179.24
1048.00,716,-0.04,196.00,617.75,145.00,1,162.56
1051.00,774,-0.06,130.00,615.10,76.00,1,92.01
1052.00,721,-0.99,195.00,617.75,142.00,1,158.88
1052.00,725,-0.75,190.00,596.93,136.00,1,152.96
1052.00,775,1.75,128.00,615.10,74.00,2,99.99
1052.00,826,-0.94,70.00,615.10,19.00,1,41.33
1054.00,790,-0.10,114.00,615.10,60.00,2,80.59
1055.00,722,-0.18,196.00,617.75,139.00,1,158.01
1055.00,739,-0.41,176.00,596.93,119.00,1,139.12
1055.00,832,-0.08,65.00,615.10,16.00,1,33.02
1057.00,735,-0.65,183.00,617.75,128.00,1,148.95
1057.00,749,-0.31,166.00,596.93,109.00,1,132.33
1058.00,753,-0.07,162.00,596.93,107.00,1,130.71
1058.00,786,-0.34,123.00,617.75,69.00,1,90.83
1058.00,795,0.95,111.00,615.10,58.00,1,77.51
1059.00,855,0.55,41.00,615.10,0.00,0,10.05
1060.00,771,-0.49,143.00,596.93,88.00,1,110.48
1062.00,806,-0.14,103.00,617.75,48.00,1,69.60
1063.00,794,-0.86,119.00,596.93,63.00,1,86.54
1064.00,808,-0.52,103.00,617.75,46.00,1,69.02
1064.00,816,-0.04,93.00,596.93,38.00,1,62.76
1065.00,809,0.29,102.00,617.75,45.00,1,73.05
1072.00,760,1.60,166.00,617.75,121.00,1,134.76
1073.00,747,5.07,179.00,615.10,131.00,1,145.71
1073.00,825,-0.75,92.00,615.10,43.00,1,63.16
1074.00,748,6.88,177.00,615.10,130.00,1,148.29
1075.00,759,-0.21,172.00,586.83,124.00,1,138.76
1075.00,764,-0.16,166.00,617.75,120.00,1,134.46
1077.00,773,-0.87,158.00,596.93,112.00,1,129.69
1079.00,780,-0.20,151.00,596.93,104.00,1,120.95
1079.00,810,-0.90,116.00,617.75,64.00,1,79.37
1079.00,828,1.68,92.00,615.10,40.00,1,52.60
1079.00,838,-0.22,82.00,615.10,31.00,1,50.19
1080.00,833,-0.27,89.00,617.75,40.00,1,56.16
1082.00,873,-0.87,44.00,615.10,0.00,0,13.59
1083.00,787,-0.53,147.00,596.93,95.00,1,113.98
1083.00,844,-0.36,79.00,617.75,29.00,1,44.65
1084.00,797,-0.43,136.00,586.83,88.00,1,107.05
1085.00,854,2.74,66.00,617.75,16.00,1,32.08
1085.00,879,0.99,38.00,615.10,0.00,0,7.39
1088.00,798,1.38,137.00,596.93,83.00,1,103.50
1089.00,858,0.98,67.00,617.75,12.00,1,28.27
1091.00,866,-0.54,61.00,617.75,8.00,1,27.12
1091.00,880,2.80,41.00,615.10,0.00,0,8.75
1093.00,827,-0.13,109.00,596.93,51.00,1,71.95
1093.00,870,-0.30,58.00,617.75,4.00,1,22.57
1094.00,887,0.47,38.00,615.10,0.00,0,6.33
1095.00,878,-0.82,51.00,617.75,0.00,0,17.13
1097.00,835,0.35,103.00,596.93,43.00,1,61.50
1098.00,847,-0.93,91.00,596.93,34.00,1,55.22
1099.00,848,0.88,89.00,596.93,31.00,1,56.13
1100.00,889,1.09,41.00,617.75,0.00,0,9.44
1101.00,893,-0.67,39.00,615.10,0.00,0,5.97
1104.00,849,2.69,91.00,596.93,29.00,1,53.85
1105.00,850,4.50,89.00,596.93,26.00,1,60.37
1109.00,860,1.60,84.00,596.93,21.00,1,48.75
1110.00,884,1.04,57.00,596.93,0.00,0,25.48
1113.00,898,-0.62,45.00,615.10,0.00,0,5.86
1115.00,899,1.19,44.00,596.93,0.00,0,9.87
1115.00,906,-0.14,37.00,615.10,0.00,0,6.19
1121.00,904,-0.76,46.00,615.10,0.00,0,4.74
1122.00,908,0.48,41.00,615.10,0.00,0,5.53
1133.00,916,-0.04,43.00,617.75,0.00,0,6.64
1136.00,751,-0.69,243.00,596.93,164.00,4,212.64
1138.00,639,0.59,377.00,617.75,291.00,4,343.18
1138.00,820,-0.80,163.00,615.10,115.00,1,129.10
1139.00,754,1.74,240.00,596.93,157.00,4,206.83
1140.00,657,-0.83,359.00,617.75,273.00,3,326.45
1140.00,821,1.01,162.00,615.10,112.00,1,127.32
1141.00,767,-0.73,229.00,596.93,141.00,3,200.50
1142.00,822,2.82,161.00,615.10,112.00,1,129.52
1143.00,834,-0.46,151.00,615.10,101.00,1,119.66
1145.00,672,2.32,343.00,617.75,251.00,2,305.14
1145.00,862,-0.78,120.00,615.10,70.00,1,89.70
1146.00,679,3.99,334.00,617.75,240.00,2,300.52
1146.00,875,-0.25,105.00,615.10,56.00,1,76.61
1147.00,779,2.99,217.00,596.93,121.00,2,185.24
1148.00,681,2.61,335.00,617.75,239.00,3,305.45
1148.00,876,1.56,104.00,615.10,55.00,1,75.33
1150.00,778,1.18,223.00,596.93,127.00,2,180.77
1150.00,905,-0.95,74.00,615.10,23.00,1,39.74
1151.00,781,3.61,218.00,586.83,120.00,2,185.91
1152.00,686,-0.34,336.00,617.75,242.00,2,299.13
1154.00,697,1.57,323.00,617.75,228.00,2,289.04
1154.00,931,1.11,45.00,615.10,0.00,0,13.29
1155.00,783,7.23,216.00,596.93,117.00,1,179.51
1156.00,703,1.43,318.00,617.75,223.00,2,284.33
1157.00,718,-0.42,303.00,617.75,208.00,4,274.24
1157.00,796,1.76,208.00,596.93,117.00,1,172.62
1157.00,939,0.59,39.00,615.10,0.00,0,9.38
1159.00,800,0.00,207.00,596.93,117.00,1,173.65
1160.00,805,1.05,201.00,596.93,117.00,1,171.97
1161.00,732,-0.08,290.00,617.75,192.00,3,257.43
1162.00,745,-0.55,276.00,617.75,178.00,4,244.70
1164.00,946,-0.74,39.00,615.10,0.00,0,9.28
1166.00,792,5.52,218.00,617.75,121.00,2,184.11
1166.00,813,-0.47,199.00,596.93,116.00,1,162.28
1167.00,804,-0.76,211.00,617.75,117.00,2,178.25
1167.00,814,1.34,197.00,596.93,115.00,1,170.42
1169.00,824,3.44,185.00,596.93,114.00,1,154.80
1169.00,843,-0.17,166.00,617.75,109.00,1,135.15
1171.00,831,-0.89,183.00,596.93,113.00,1,150.34
1173.00,836,0.16,178.00,596.93,113.00,1,147.11
1173.00,852,-0.88,160.00,617.75,100.00,1,125.51
1175.00,840,-0.60,176.00,596.93,111.00,1,144.38
1175.00,881,11.61,115.00,607.65,55.00,1,81.04
1176.00,954,-0.26,41.00,615.10,0.00,0,8.05
1177.00,902,-0.38,104.00,596.93,54.00,1,73.35
1178.00,912,-0.28,93.00,617.75,32.00,1,59.94
1180.00,863,1.03,152.00,596.93,86.00,1,119.86
1181.00,914,-0.66,94.00,617.75,31.00,1,57.79
1182.00,960,-0.40,40.00,615.10,0.00,0,11.07
1185.00,877,3.37,138.00,596.93,69.00,1,102.68
1185.00,964,0.84,37.00,615.10,0.00,0,8.73
1186.00,882,0.42,136.00,596.93,69.00,1,110.64
1186.00,915,0.15,97.00,617.75,29.00,1,56.83
1186.00,938,-0.22,70.00,617.75,4.00,1,36.56
1188.00,883,2.23,135.00,596.93,67.00,1,102.08
1188.00,950,-0.50,58.00,617.75,0.00,0,21.58
1190.00,951,0.31,58.00,617.75,0.00,0,28.26
1191.00,963,-0.97,46.00,617.75,0.00,0,19.19
1192.00,886,1.66,136.00,596.93,65.00,1,101.18
1193.00,974,-0.06,34.00,615.10,0.00,0,7.00
1194.00,891,-0.29,134.00,596.93,63.00,1,103.29
1196.00,968,2.08,42.00,617.75,0.00,0,8.44
1197.00,896,-0.24,131.00,596.93,59.00,1,96.95
1199.00,909,-0.71,118.00,596.93,46.00,1,83.03
1201.00,977,-0.63,39.00,617.75,0.00,0,8.14
1204.00,930,-0.70,98.00,596.93,24.00,1,61.32
1204.00,984,-0.96,34.00,615.10,0.00,0,7.54
1206.00,932,2.92,94.00,596.93,18.00,1,58.56
1207.00,965,2.65,56.00,596.93,0.00,0,25.24
1207.00,981,-0.39,40.00,615.10,0.00,0,5.36
1210.00,986,-0.34,37.00,615.10,0.00,0,5.25
1211.00,987,1.47,35.00,615.10,0.00,0,6.56
1216.00,991,-0.29,37.00,615.10,0.00,0,5.95
1228.00,999,-0.81,40.00,615.10,0.00,0,5.22
1231.00,1003,-0.57,38.00,615.10,0.00,0,6.01
1234.00,1009,-0.71,34.00,615.10,0.00,0,5.63
1239.00,1012,-0.28,35.00,615.10,0.00,0,5.74
1241.00,1005,0.05,45.00,596.93,0.00,0,9.28
1253.00,567,94.27,484.00,617.75,399.00,2,452.47
1253.00,736,-0.84,378.00,615.10,321.00,2,344.20
1254.00,501,2.81,655.00,596.93,552.00,4,620.35
1255.00,508,1.48,649.00,596.93,545.00,4,618.44
1255.00,761,-0.59,350.00,615.10,290.00,2,321.26
1257.00,573,94.13,481.00,617.75,398.00,2,444.90
1257.00,762,1.22,349.00,615.10,285.00,2,316.22
1258.00,517,-0.23,643.00,596.93,538.00,5,608.37
1258.00,546,126.26,482.00,607.65,396.00,2,448.74
1258.00,784,-0.96,326.00,615.10,267.00,2,295.09
1260.00,793,-0.67,317.00,615.10,257.00,2,284.13
1261.00,576,91.56,484.00,617.75,394.00,2,451.56
1262.00,538,-0.22,622.00,596.93,511.00,5,587.08
1262.00,802,-0.38,308.00,615.10,246.00,2,274.55
1263.00,555,95.55,507.00,596.93,397.00,3,478.60
1264.00,605,68.05,476.00,617.75,395.00,2,440.09
1264.00,807,-0.33,304.00,615.10,241.00,2,275.99
1265.00,817,-0.23,293.00,615.10,232.00,2,262.67
1266.00,557,97.17,506.00,596.93,397.00,3,472.92
1266.00,610,64.10,476.00,617.75,394.00,2,444.28
1267.00,839,-0.41,269.00,615.10,210.00,1,240.68
1268.00,563,94.03,504.00,596.93,393.00,2,471.53
1269.00,618,62.58,471.00,617.75,392.00,2,438.00
1269.00,851,-0.69,257.00,615.10,207.00,1,223.44
1271.00,615,63.15,476.00,596.93,393.00,2,443.91
1271.00,632,56.92,462.00,617.75,392.00,2,434.44
1274.00,655,40.55,454.00,617.75,387.00,2,420.62
1275.00,628,55.68,472.00,596.93,392.00,3,437.49
1276.00,630,56.30,470.00,596.93,391.00,2,439.39
1277.00,665,39.65,446.00,617.75,370.00,2,412.42
1277.00,857,1.17,256.00,615.10,202.00,1,228.50
1278.00,680,29.80,439.00,617.75,368.00,2,406.77
1280.00,640,49.40,469.00,596.93,390.00,3,434.62
1280.00,894,-0.86,217.00,615.10,169.00,1,186.87
1283.00,769,3.89,364.00,596.93,299.00,2,330.00
1284.00,647,44.07,470.00,596.93,392.00,4,437.65
1284.00,690,25.90,437.00,617.75,360.00,2,399.63
1284.00,911,-0.09,200.00,615.10,151.00,1,165.84
1285.00,694,23.14,436.00,617.75,360.00,2,401.65
1286.00,818,0.58,312.00,596.93,253.00,2,282.32
1286.00,913,0.53,199.00,615.10,148.00,1,168.53
1287.00,723,-0.37,427.00,617.75,350.00,2,395.77
1287.00,918,-0.42,195.00,615.10,146.00,1,165.83
1290.00,763,3.03,379.00,617.75,300.00,2,347.43
1290.00,927,-0.13,187.00,615.10,137.00,1,151.18
1292.00,766,4.46,376.00,617.75,298.00,2,343.62
1293.00,678,29.18,457.00,596.93,375.00,2,424.99
1294.00,649,44.69,477.00,596.93,392.00,4,437.17
1294.00,768,3.08,377.00,617.75,298.00,2,344.09
1294.00,948,-0.12,166.00,615.10,115.00,1,125.78
1296.00,684,27.04,455.00,596.93,373.00,2,419.86
1298.00,685,28.85,454.00,596.93,369.00,2,424.57
1299.00,724,0.44,437.00,596.93,353.00,2,407.74
1300.00,803,1.43,343.00,617.75,260.00,2,304.99
1302.00,812,-0.28,336.00,617.75,253.00,2,305.93
1303.00,733,-0.27,431.00,596.93,345.00,2,397.72
1303.00,819,2.39,326.00,617.75,242.00,2,295.53
1305.00,830,-0.70,318.00,617.75,233.00,2,284.48
1305.00,865,1.65,274.00,596.93,205.00,1,245.97
1308.00,744,-0.36,423.00,596.93,332.00,2,388.89
1309.00,845,-0.55,304.00,617.75,218.00,2,273.36
1310.00,874,0.94,269.00,596.93,201.00,1,239.10
1312.00,750,-0.50,420.00,596.93,325.00,2,390.97
1312.00,842,-0.98,311.00,617.75,221.00,2,268.96
1316.00,928,1.68,210.00,596.93,149.00,1,176.86
1317.00,988,90.28,51.00,615.10,0.00,0,17.93
1318.00,846,-0.74,312.00,617.75,218.00,2,268.55
1318.00,966,-0.54,169.00,596.93,110.00,1,139.69
1320.00,859,1.79,296.00,617.75,207.00,1,253.68
1320.00,871,-0.49,284.00,617.75,206.00,1,251.17
1320.00,992,87.52,52.00,615.10,0.00,0,16.14
1322.00,993,89.33,51.00,615.10,0.00,0,14.72
1323.00,867,2.27,289.00,617.75,207.00,1,245.13
1323.00,935,0.35,210.00,596.93,146.00,3,174.00
1323.00,1006,79.86,46.00,615.10,0.00,0,10.61
1324.00,758,-0.02,422.00,596.93,322.00,5,390.60
1325.00,1008,80.48,45.00,615.10,0.00,0,15.28
1326.00,892,-0.48,265.00,617.75,191.00,1,232.16
1326.00,1019,73.39,40.00,615.10,0.00,0,10.76
1327.00,765,2.65,414.00,596.93,310.00,3,379.86
1328.00,888,-0.72,272.00,617.75,192.00,1,228.60
1329.00,940,-0.60,211.00,617.75,135.00,1,173.93
1333.00,823,-0.37,354.00,596.93,293.00,2,320.39
1333.00,885,-0.15,280.00,615.10,231.00,1,251.77
1334.00,837,-0.03,338.00,596.93,279.00,2,310.74
1335.00,868,-0.92,303.00,615.10,254.00,1,266.60
1336.00,815,-0.85,367.00,617.75,304.00,2,337.96
1336.00,890,-0.10,277.00,596.93,232.00,1,247.04
1337.00,811,-0.09,372.00,617.75,304.00,2,332.12
1338.00,829,-0.51,352.00,617.75,288.00,2,318.57
1339.00,897,0.57,271.00,615.10,221.00,1,234.02
1344.00,917,1.77,251.00,596.93,206.00,1,217.61
1344.00,920,1.20,248.00,615.10,203.00,1,215.84
1344.00,924,-0.56,245.00,615.10,198.00,1,212.14
1346.00,925,1.25,244.00,596.93,199.00,1,211.93
1346.00,944,1.64,221.00,615.10,172.00,1,191.52
1347.00,929,2.49,239.00,617.75,191.00,1,204.34
1347.00,970,-0.30,193.00,615.10,149.00,1,163.19
1349.00,926,3.06,244.00,596.93,197.00,1,212.94
1349.00,961,-0.59,206.00,617.75,159.00,1,175.14
1349.00,975,-0.25,189.00,615.10,138.00,1,155.79
1351.00,934,-0.46,240.00,596.93,191.00,1,208.69
1351.00,990,0.90,172.00,615.10,123.00,1,139.75
1353.00,996,1.76,166.00,615.10,118.00,1,134.88
1354.00,1015,3.15,143.00,615.10,93.00,1,116.81
1355.00,943,-0.17,233.00,596.93,183.00,1,198.31
1356.00,962,1.22,210.00,617.75,156.00,1,170.61
1356.00,1026,6.06,129.00,615.10,80.00,1,99.75
1357.00,947,1.07,229.00,596.93,177.00,1,198.23
1357.00,967,-0.73,207.00,617.75,154.00,1,177.34
1358.00,958,-0.02,218.00,596.93,169.00,1,190.66
1358.00,1034,4.54,123.00,615.10,74.00,1,89.85
1359.00,973,-0.87,202.00,617.75,150.00,1,172.75
1360.00,989,-0.91,184.00,617.75,132.00,1,157.70
1360.00,1040,3.40,119.00,615.10,70.00,1,85.35
1362.00,997,3.57,172.00,617.75,119.00,1,143.26
1362.00,1041,5.21,118.00,615.10,68.00,1,84.34
1363.00,980,-0.20,197.00,596.93,142.00,1,162.34
1363.00,1052,-0.88,112.00,615.10,64.00,1,81.59
1368.00,1013,-0.47,163.00,617.75,105.00,1,125.12
1368.00,1068,-0.92,98.00,615.10,43.00,1,58.31
1368.00,1073,-0.87,92.00,615.10,41.00,1,59.80
1369.00,995,-0.05,185.00,596.93,124.00,1,143.47
1369.00,1004,-0.76,175.00,596.93,118.00,1,140.89
1370.00,1016,4.96,156.00,617.75,97.00,1,122.03
1371.00,1014,1.34,163.00,596.93,106.00,1,133.45
1371.00,1020,3.20,154.00,617.75,95.00,1,118.76
1371.00,1092,-0.48,72.00,615.10,21.00,1,34.79
1372.00,1030,4.30,142.00,596.93,85.00,1,114.86
1372.00,1093,1.33,70.00,615.10,18.00,1,38.87
1373.00,1021,5.01,153.00,617.75,95.00,1,123.08
1374.00,1100,0.00,65.00,615.10,14.00,1,32.11
1375.00,1101,1.81,63.00,615.10,10.00,1,31.57
1376.00,1023,4.63,154.00,617.75,93.00,1,117.85
1377.00,1025,5.25,152.00,617.75,92.00,1,119.69
1377.00,1036,5.16,139.00,596.93,78.00,1,101.97
1377.00,1123,-0.37,41.00,615.10,0.00,0,9.55
1379.00,1059,-0.21,119.00,596.93,57.00,1,84.69
1380.00,1031,6.11,147.00,617.75,88.00,1,113.80
1380.00,1089,0.09,84.00,596.93,25.00,1,53.55
1382.00,1044,4.64,135.00,617.75,74.00,1,101.29
1384.00,1061,0.41,121.00,617.75,59.00,1,88.59
1384.00,1124,1.44,45.00,596.93,0.00,0,10.97
1386.00,1064,-0.16,120.00,617.75,58.00,1,88.10
1389.00,1125,3.25,47.00,596.93,0.00,0,9.02
1390.00,1069,0.89,117.00,617.75,53.00,1,81.90
1390.00,1127,5.87,43.00,596.93,0.00,0,12.78
1392.00,1071,-0.49,118.00,617.75,50.00,1,89.96
1392.00,1130,5.30,42.00,596.93,0.00,0,10.66
1395.00,1080,-0.20,110.00,617.75,44.00,1,73.82
1399.00,1088,-0.72,105.00,617.75,35.00,1,74.36
1401.00,1142,-0.98,43.00,596.93,0.00,0,8.03
1402.00,1110,-0.90,82.00,617.75,14.00,1,52.19
1404.00,1145,-0.55,42.00,596.93,0.00,0,9.09
1405.00,1086,-0.34,113.00,617.75,38.00,1,63.95
1406.00,1112,-0.28,83.00,617.75,12.00,1,49.19
1407.00,1126,5.06,62.00,617.75,0.00,0,30.76
1407.00,1150,-0.50,39.00,615.10,0.00,0,5.24
1420.00,1018,-0.42,209.00,617.75,166.00,1,179.08
1420.00,1033,-0.27,191.00,615.10,147.00,1,162.84
1420.00,1054,-0.26,166.00,615.10,122.00,1,137.40
1421.00,1042,-0.98,182.00,596.93,139.00,1,155.44
1423.00,1058,-0.02,164.00,615.10,117.00,1,131.91
1424.00,1067,-0.73,155.00,615.10,108.00,2,126.06
1424.00,1070,-0.30,151.00,586.83,107.00,1,120.77
1425.00,1022,-0.18,209.00,617.75,162.00,1,175.39
1426.00,1081,0.61,139.00,615.10,92.00,1,107.59
1427.00,1029,-0.51,203.00,617.75,154.00,1,169.04
1429.00,1096,-0.24,125.00,615.10,73.00,2,89.70
1430.00,1079,-0.01,146.00,617.75,96.00,1,114.06
1431.00,1087,-0.53,138.00,596.93,85.00,1,100.91
1431.00,1111,-0.09,109.00,615.10,58.00,1,75.50
1432.00,1091,-0.29,134.00,615.10,84.00,1,101.08
1433.00,1134,-0.46,84.00,615.10,33.00,1,53.18
1434.00,1104,-0.76,121.00,615.10,70.00,1,89.92
1434.00,1118,-0.42,104.00,596.93,51.00,1,69.31
1434.00,1141,-0.79,77.00,615.10,25.00,1,48.75
1436.00,1097,1.57,129.00,615.10,70.00,1,86.60
1436.00,1120,0.20,103.00,596.93,51.00,1,71.41
1436.00,1146,0.26,72.00,615.10,21.00,2,43.24
1437.00,1155,3.55,59.00,615.10,8.00,2,28.57
1440.00,1105,1.05,124.00,617.75,67.00,1,83.53
1440.00,1171,-0.49,47.00,615.10,0.00,0,12.55
1441.00,1144,-0.36,80.00,596.93,25.00,1,43.27
1441.00,1151,-0.69,72.00,615.10,21.00,1,42.12
1442.00,1129,-0.51,99.00,617.75,42.00,1,60.40
1443.00,1153,-0.07,71.00,596.93,16.00,1,44.76
1444.00,1136,0.16,92.00,617.75,34.00,1,52.77
1444.00,1154,1.74,69.00,596.93,16.00,1,38.66
1445.00,1161,-0.59,64.00,617.75,9.00,1,35.24
1449.00,1166,-0.54,62.00,617.75,4.00,1,26.43
1452.00,1177,-0.63,52.00,617.75,0.00,0,15.04
1462.00,1193,-0.67,43.00,596.93,0.00,0,9.42
1470.00,1203,1.43,37.00,615.10,0.00,0,5.63
1472.00,1202,-0.38,42.00,596.93,0.00,0,9.22
1482.00,1212,-0.28,40.00,617.75,0.00,0,7.54
1486.00,1213,1.53,41.00,617.75,0.00,0,8.68
1486.00,1215,2.15,38.00,615.10,0.00,0,6.82
1491.00,1222,-0.18,37.00,615.10,0.00,0,5.63
1492.00,1219,0.39,41.00,596.93,0.00,0,9.42
1500.00,1017,72.77,217.00,615.10,167.00,1,188.12
1501.00,770,5.70,579.00,596.93,472.00,4,545.23
1503.00,788,-0.72,566.00,596.93,453.00,3,533.07
1505.00,789,1.09,565.00,596.93,450.00,4,533.30
1505.00,942,1.02,383.00,617.75,301.00,2,342.88
1506.00,956,-0.64,369.00,617.75,288.00,2,335.46
1506.00,1037,59.97,212.00,615.10,159.00,1,174.94
1507.00,1050,49.50,208.00,615.10,157.00,1,172.94
1509.00,799,-0.81,559.00,596.93,442.00,4,524.48
1509.00,1055,46.55,207.00,615.10,157.00,1,172.55
1510.00,971,-0.49,355.00,617.75,270.00,2,315.63
1510.00,1060,46.60,202.00,615.10,151.00,1,168.99
1511.00,856,-0.64,493.00,596.93,374.00,3,463.21
1512.00,983,94.23,248.00,617.75,167.00,1,211.25
1512.00,1076,36.56,195.00,615.10,143.00,1,167.32
1513.00,1032,60.92,224.00,617.75,166.00,1,192.82
1514.00,861,0.41,489.00,596.93,371.00,2,455.27
1514.00,1117,2.77,182.00,605.00,133.00,1,148.60
1515.00,864,-0.16,487.00,596.93,372.00,2,460.06
1515.00,1113,8.53,182.00,615.10,131.00,1,149.68
1517.00,1047,51.07,220.00,617.75,164.00,1,181.42
1517.00,1121,9.01,174.00,615.10,123.00,1,138.20
1519.00,1057,47.17,214.00,617.75,162.00,1,185.87
1519.00,1139,0.59,163.00,615.10,111.00,1,129.63
1520.00,1147,-0.93,156.00,615.10,104.00,1,122.35
1521.00,872,0.32,483.00,596.93,367.00,2,445.89
1522.00,903,-0.57,448.00,596.93,343.00,2,417.07
1522.00,1075,34.75,208.00,617.75,149.00,1,170.21
1522.00,1156,-0.64,147.00,615.10,94.00,1,114.01
1523.00,1182,-0.58,117.00,615.10,68.00,1,84.53
1524.00,1085,28.85,204.00,617.75,146.00,1,171.81
1525.00,933,-0.27,415.00,596.93,314.00,3,379.62
1527.00,1090,25.90,204.00,617.75,143.00,1,167.17
1529.00,895,-0.05,464.00,596.93,414.00,2,432.42
1530.00,919,-0.61,437.00,615.10,384.00,2,403.77
1531.00,841,-0.79,531.00,617.75,461.00,3,497.76
1531.00,923,3.63,429.00,615.10,378.00,2,400.08
1532.00,901,1.81,458.00,596.93,406.00,2,425.39
1534.00,907,-0.33,455.00,596.93,400.00,2,428.66
1535.00,853,-0.07,520.00,617.75,444.00,2,483.96
1536.00,910,-0.90,454.00,596.93,398.00,2,424.44
1536.00,922,1.82,437.00,615.10,376.00,2,400.48
1537.00,869,0.89,502.00,617.75,444.00,2,468.73
1537.00,945,-0.55,413.00,615.10,356.00,2,383.68
1539.00,900,0.00,468.00,617.75,411.00,2,435.14
1539.00,937,0.97,423.00,596.93,367.00,2,391.33
1539.00,949,-0.31,410.00,615.10,350.00,2,379.27
1541.00,955,0.55,404.00,615.10,345.00,3,368.44
1542.00,921,0.01,446.00,617.75,387.00,2,409.79
1542.00,952,-0.88,410.00,615.10,348.00,3,382.27
1542.00,969,-0.11,389.00,596.93,332.00,2,360.30
1542.00,972,-0.68,386.00,615.10,324.00,2,353.16
1544.00,936,-0.84,431.00,617.75,372.00,2,400.96
1544.00,982,-0.58,376.00,615.10,317.00,2,348.64
1546.00,953,0.93,411.00,617.75,347.00,3,378.28
1547.00,1024,-0.56,329.00,615.10,270.00,2,298.38
1548.00,957,1.17,408.00,617.75,340.00,4,375.46
1549.00,959,0.79,407.00,617.75,337.00,3,377.12
1549.00,1007,-0.33,351.00,615.10,288.00,2,309.60
1550.00,976,-0.44,389.00,596.93,323.00,2,351.70
1550.00,1027,-0.13,328.00,615.10,268.00,2,292.79
1552.00,978,0.18,388.00,596.93,323.00,2,355.61
1552.00,1046,2.26,305.00,615.10,242.00,2,272.16
1553.00,1049,4.69,300.00,615.10,237.00,2,266.50
1554.00,985,-0.15,382.00,617.75,317.00,2,349.47
1554.00,1001,0.81,362.00,596.93,296.00,2,327.64
1555.00,1056,5.36,293.00,615.10,227.00,2,261.71
1556.00,1028,1.68,331.00,615.10,263.00,2,297.84
1556.00,1038,-0.22,321.00,596.93,254.00,3,291.82
1556.00,1077,-0.63,275.00,615.10,211.00,2,240.54
1557.00,1083,1.23,267.00,615.10,205.00,2,237.42
1559.00,1000,0.00,369.00,617.75,298.00,2,336.90
1559.00,1082,-0.58,272.00,615.10,206.00,3,236.94
1561.00,1002,2.62,366.00,617.75,296.00,2,334.61
1561.00,1039,1.59,323.00,596.93,252.00,3,288.39
1561.00,1108,1.48,241.00,615.10,179.00,1,206.05
1562.00,1122,-0.18,227.00,615.10,170.00,1,201.10
1563.00,998,-0.62,376.00,617.75,301.00,2,330.23
1563.00,1043,-0.17,322.00,596.93,251.00,3,288.64
1564.00,1010,-0.90,363.00,617.75,293.00,2,331.22
1564.00,1133,-0.27,216.00,615.10,161.00,1,184.94
1565.00,1045,0.45,321.00,596.93,247.00,2,294.60
1565.00,1148,-0.12,199.00,615.10,149.00,1,167.24
1567.00,1011,-0.09,364.00,617.75,291.00,2,331.48
1567.00,1158,-0.02,189.00,615.10,137.00,1,156.43
1569.00,1051,5.31,313.00,596.93,239.00,2,284.92
1569.00,1063,3.03,301.00,617.75,226.00,2,269.74
1570.00,1176,-0.44,171.00,615.10,118.00,1,135.24
1572.00,1066,4.46,299.00,617.75,223.00,2,264.53
1572.00,1179,-0.01,169.00,615.10,116.00,1,131.66
1573.00,1048,2.88,323.00,596.93,241.00,2,280.94
1573.00,1053,5.93,314.00,596.93,238.00,3,284.04
1573.00,1095,-0.05,270.00,615.10,194.00,2,237.78
1574.00,1192,-0.48,156.00,615.10,104.00,1,124.92
1575.00,1062,1.22,310.00,596.93,232.00,3,283.51
1575.00,1199,-0.81,149.00,615.10,97.00,1,122.72
1577.00,1098,-0.62,271.00,617.75,192.00,2,237.23
1577.00,1201,-0.19,148.00,605.00,95.00,1,116.31
1579.00,1224,-0.56,123.00,615.10,69.00,1,92.47
1580.00,1065,2.65,310.00,596.93,229.00,2,275.08
1580.00,1138,-0.22,226.00,615.10,162.00,1,198.05
1580.00,1165,-0.35,194.00,615.10,131.00,1,165.54
1581.00,1074,-0.06,303.00,596.93,222.00,2,271.08
1582.00,1103,1.43,268.00,607.65,188.00,2,230.17
1583.00,1078,1.18,299.00,596.93,217.00,2,270.35
1586.00,1181,0.61,180.00,615.10,113.00,1,149.09
1587.00,1084,3.04,294.00,596.93,209.00,2,262.42
1589.00,1169,-0.11,198.00,617.75,128.00,1,157.76
1589.00,1208,0.48,151.00,596.93,88.00,2,120.58
1592.00,1209,2.29,151.00,615.10,84.00,1,122.24
1593.00,1186,0.66,181.00,617.75,111.00,1,143.33
1594.00,1200,1.00,165.00,617.75,94.00,1,135.94
1594.00,1204,-0.76,162.00,596.93,96.00,2,129.79
1597.00,1216,-0.04,150.00,596.93,80.00,2,114.08
1599.00,1235,-0.65,130.00,615.10,57.00,1,100.35
1599.00,1254,46.74,60.00,605.00,0.00,0,31.60
1600.00,1102,-0.38,289.00,596.93,198.00,4,254.35
1600.00,1237,-0.03,128.00,617.75,56.00,1,88.19
1602.00,1245,-0.55,121.00,596.93,48.00,1,91.51
1602.00,1272,34.32,54.00,615.10,0.00,0,22.46
1603.00,1107,-0.33,286.00,596.93,194.00,5,255.56
1603.00,1265,36.65,61.00,615.10,0.00,0,27.01
1604.00,1249,48.69,69.00,617.75,0.00,0,27.33
1605.00,1252,46.12,69.00,615.10,0.00,0,36.56
1605.00,1286,23.66,51.00,615.10,0.00,0,22.65
1606.00,1278,30.18,55.00,615.10,0.00,0,25.19
1607.00,1119,-0.61,276.00,596.93,179.00,2,241.86
1608.00,1291,20.71,51.00,615.10,0.00,0,19.88
1608.00,1293,21.33,48.00,617.75,0.00,0,13.46
1609.00,1294,23.14,46.00,615.10,0.00,0,12.59
1610.00,1131,-0.89,265.00,596.93,175.00,1,231.74
1611.00,1302,19.62,42.00,615.10,0.00,0,10.47
1614.00,1143,-0.17,254.00,596.93,165.00,1,218.63
1615.00,1172,-0.68,221.00,596.93,129.00,2,190.97
1616.00,1315,16.15,35.00,615.10,0.00,0,6.07
1620.00,1152,-0.88,250.00,596.93,157.00,2,212.39
1621.00,1183,1.23,212.00,596.93,119.00,3,179.86
1623.00,1206,-0.14,188.00,596.93,90.00,2,158.99
1624.00,1210,4.10,180.00,596.93,84.00,2,151.13
1625.00,1317,16.77,41.00,615.10,0.00,0,6.21
1631.00,1226,-0.94,173.00,596.93,71.00,2,134.52
1632.00,1248,-0.12,147.00,596.93,45.00,1,116.05
1632.00,1320,20.20,41.00,615.10,0.00,0,5.59
1634.00,1266,38.46,89.00,596.93,0.00,0,64.27
1634.00,1326,16.06,40.00,617.75,0.00,0,7.22
1637.00,1332,11.92,40.00,615.10,0.00,0,5.24
1640.00,1301,17.81,74.00,596.93,0.00,0,32.99
1641.00,1304,20.24,69.00,596.93,0.00,0,32.76
1642.00,1305,22.05,67.00,596.93,0.00,0,36.04
1643.00,1338,10.78,40.00,617.75,0.00,0,7.57
1644.00,1309,20.29,66.00,596.93,0.00,0,34.83
1645.00,1340,11.40,39.00,615.10,0.00,0,5.61
1651.00,1170,1.70,257.00,615.10,213.00,1,226.79
1652.00,1160,1.60,270.00,615.10,224.00,1,238.04
1652.00,1162,2.22,267.00,596.93,224.00,1,238.87
1653.00,1159,-0.21,274.00,615.10,228.00,1,240.27
1654.00,1180,-0.20,250.00,617.75,205.00,1,218.07
1655.00,1196,-0.24,232.00,615.10,182.00,1,197.82
1656.00,1191,-0.29,239.00,617.75,193.00,1,210.78
1657.00,1163,4.03,269.00,596.93,222.00,1,235.98
1657.00,1198,0.38,231.00,615.10,179.00,2,196.00
1660.00,1205,-0.95,227.00,615.10,176.00,1,188.76
1660.00,1207,-0.33,224.00,615.10,174.00,1,190.40
1661.00,1164,5.84,270.00,596.93,220.00,1,234.01
1661.00,1218,-0.42,212.00,615.10,164.00,1,181.73
1662.00,1228,2.68,198.00,615.10,145.00,1,163.74
1663.00,1194,-0.86,243.00,596.93,193.00,1,208.71
1663.00,1241,-0.79,187.00,615.10,137.00,1,157.58
1665.00,1211,-0.09,224.00,596.93,174.00,1,191.29
1665.00,1223,-0.37,210.00,617.75,159.00,1,174.45
1667.00,1242,1.02,188.00,615.10,133.00,1,147.88
1668.00,1221,-0.99,216.00,596.93,163.00,1,183.00
1668.00,1225,0.25,210.00,617.75,157.00,1,175.03
1669.00,1227,0.87,208.00,617.75,156.00,1,173.89
1669.00,1243,2.83,187.00,615.10,130.00,1,152.09
1670.00,1279,-0.01,148.00,615.10,91.00,1,117.80
1672.00,1231,2.11,205.00,617.75,150.00,1,171.72
1672.00,1280,1.80,147.00,615.10,90.00,1,112.14
1673.00,1233,2.73,203.00,617.75,150.00,1,172.31
1673.00,1244,4.64,188.00,596.93,131.00,1,149.99
1674.00,1256,-0.64,180.00,596.93,125.00,1,146.77
1674.00,1289,3.09,137.00,615.10,84.00,1,100.38
1676.00,1262,-0.78,175.00,596.93,118.00,1,142.87
1676.00,1303,-0.57,126.00,615.10,71.00,1,88.11
1677.00,1308,2.48,118.00,615.10,64.00,1,89.50
1679.00,1257,1.17,182.00,617.75,123.00,1,144.52
1679.00,1264,1.84,173.00,596.93,115.00,1,138.78
1679.00,1316,-0.04,113.00,615.10,58.00,1,84.67
1681.00,1263,1.03,177.00,617.75,120.00,1,142.52
1682.00,1274,-0.06,166.00,596.93,106.00,1,130.13
1682.00,1282,2.42,154.00,617.75,96.00,1,121.34
1682.00,1334,-0.46,95.00,615.10,39.00,1,53.06
1684.00,1283,4.23,153.00,596.93,93.00,1,119.21
1684.00,1290,4.90,144.00,617.75,85.00,1,110.60
1684.00,1359,1.79,65.00,615.10,8.00,1,22.98
1685.00,1377,-0.63,47.00,615.10,0.00,0,16.95
1686.00,1287,2.47,152.00,596.93,92.00,1,120.48
1686.00,1306,-0.14,132.00,617.75,73.00,1,102.05
1687.00,1379,-0.01,46.00,615.10,0.00,0,13.99
1688.00,1358,-0.02,72.00,615.10,13.00,1,38.84
1694.00,1232,-0.08,228.00,617.75,180.00,1,194.71
1695.00,1230,-0.70,232.00,615.10,186.00,1,197.49
1695.00,1292,-0.48,158.00,615.10,110.00,1,122.01
1695.00,1311,-0.09,135.00,605.00,85.00,1,106.67
1698.00,1325,0.25,121.00,615.10,68.00,1,86.23
1699.00,1239,-0.41,225.00,596.93,173.00,1,185.81
1699.00,1269,-0.11,189.00,617.75,138.00,1,151.21
1699.00,1335,5.35,105.00,615.10,57.00,1,74.47
1700.00,1246,-0.74,218.00,596.93,168.00,1,183.22
1700.00,1271,3.51,184.00,617.75,135.00,1,155.21
1701.00,1247,1.07,216.00,596.93,166.00,1,184.85
1701.00,1345,-0.55,101.00,615.10,53.00,1,72.58
1702.00,1348,-0.12,98.00,615.10,51.00,1,68.08
1703.00,1270,1.70,190.00,596.93,142.00,1,159.72
1705.00,1275,1.75,186.00,617.75,131.00,1,145.29
1706.00,1276,3.56,184.00,596.93,132.00,1,150.49
1706.00,1277,5.37,181.00,617.75,129.00,1,146.21
1706.00,1353,-0.07,96.00,615.10,46.00,1,59.09
1708.00,1366,-0.54,83.00,615.10,29.00,1,51.35
1709.00,1296,-0.24,167.00,617.75,115.00,1,134.65
1709.00,1385,1.85,59.00,615.10,7.00,1,26.52
1710.00,1284,3.04,179.00,596.93,124.00,1,143.49
1711.00,1281,3.61,183.00,617.75,125.00,1,141.07
1711.00,1395,-0.05,51.00,615.10,0.00,0,13.70
1712.00,1288,1.28,178.00,596.93,123.00,1,146.85
1712.00,1310,-0.90,154.00,617.75,100.00,1,120.99
1713.00,1298,0.38,168.00,596.93,115.00,1,137.81
1713.00,1397,0.57,50.00,615.10,0.00,0,17.50
1714.00,1331,6.11,124.00,617.75,68.00,1,91.31
1716.00,1333,5.73,124.00,617.75,68.00,1,90.47
1718.00,1336,7.16,121.00,617.75,64.00,1,88.31
1720.00,1300,1.00,172.00,596.93,112.00,1,132.82
1720.00,1355,0.55,107.00,617.75,52.00,1,76.12
1721.00,1323,-0.37,147.00,596.93,89.00,1,113.72
1724.00,1327,1.87,143.00,596.93,84.00,1,107.54
1725.00,1328,3.68,141.00,596.93,83.00,1,113.65
1725.00,1383,-0.77,80.00,617.75,21.00,1,45.50
1726.00,1388,1.28,73.00,617.75,14.00,1,42.88
1727.00,1330,4.30,140.00,596.93,80.00,1,110.86
1728.00,1406,-0.14,55.00,617.75,0.00,0,22.16
1729.00,1367,1.27,101.00,596.93,41.00,1,69.56
1729.00,1407,0.67,54.00,617.75,0.00,0,27.54
1731.00,1374,-0.06,96.00,596.93,36.00,1,65.99
1734.00,1408,1.48,57.00,617.75,0.00,0,23.51
1737.00,1380,-0.20,95.00,596.93,28.00,1,58.01
1738.00,1384,0.04,91.00,596.93,26.00,1,60.73
1742.00,1402,-0.38,74.00,596.93,6.00,1,36.95
1744.00,1420,-0.80,55.00,596.93,0.00,0,21.76
1748.00,941,-0.79,629.00,596.93,526.00,4,597.09
1750.00,1187,2.47,335.00,615.10,276.00,2,300.72
1752.00,979,-0.01,587.00,596.93,478.00,5,553.93
1752.00,1094,23.14,427.00,617.75,362.00,2,388.73
1752.00,1185,1.85,340.00,615.10,273.00,2,307.23
1753.00,994,91.14,479.00,596.93,381.00,2,449.86
1753.00,1106,13.86,423.00,617.75,360.00,2,391.02
1753.00,1188,4.28,335.00,615.10,271.00,3,303.76
1755.00,1109,12.29,423.00,617.75,357.00,2,392.98
1755.00,1197,4.57,326.00,615.10,264.00,2,293.79
1757.00,1115,11.15,419.00,617.75,352.00,2,388.03
1757.00,1229,-0.51,295.00,615.10,229.00,2,264.15
1758.00,1236,0.16,287.00,615.10,224.00,2,254.81
1760.00,1072,35.32,449.00,596.93,379.00,2,418.39
1760.00,1234,-0.46,292.00,615.10,224.00,3,259.47
1761.00,1116,12.96,420.00,617.75,351.00,2,383.43
1762.00,1035,59.35,471.00,596.93,380.00,2,428.60
1762.00,1250,-0.50,275.00,615.10,212.00,1,241.92
1763.00,1137,0.97,409.00,617.75,341.00,2,377.95
1764.00,1099,19.19,437.00,596.93,365.00,2,402.21
1764.00,1255,2.55,268.00,615.10,211.00,1,239.30
1765.00,1114,10.34,429.00,596.93,360.00,2,396.84
1766.00,1178,2.18,362.00,617.75,292.00,2,329.06
1768.00,1189,6.09,347.00,617.75,273.00,2,312.99
1769.00,1128,3.68,423.00,596.93,352.00,2,388.43
1771.00,1132,2.92,421.00,586.83,349.00,2,391.30
1772.00,1195,4.95,345.00,617.75,270.00,3,309.24
1774.00,1135,-0.65,424.00,596.93,346.00,2,389.75
1774.00,1217,-0.23,326.00,617.75,250.00,2,290.18
1775.00,1261,6.41,268.00,615.10,214.00,1,233.44
1776.00,1175,2.75,375.00,596.93,312.00,2,345.56
1776.00,1238,0.78,302.00,617.75,226.00,2,268.09
1777.00,1297,-0.43,234.00,615.10,182.00,1,207.70
1778.00,1240,0.40,302.00,617.75,225.00,2,272.08
1778.00,1341,-0.79,183.00,615.10,134.00,1,149.54
1780.00,1372,0.32,147.00,615.10,95.00,1,118.27
1781.00,1190,7.90,357.00,596.93,290.00,2,320.50
1781.00,1259,3.79,279.00,617.75,212.00,1,247.36
1781.00,1393,-0.67,124.00,615.10,74.00,1,95.31
1783.00,1220,-0.80,332.00,596.93,263.00,2,296.25
1783.00,1268,3.08,271.00,617.75,210.00,1,240.45
1785.00,1140,2.40,426.00,596.93,349.00,3,390.95
1785.00,1414,2.34,100.00,615.10,47.00,1,62.87
1787.00,1149,-0.31,420.00,596.93,343.00,3,386.86
1787.00,1285,-0.15,258.00,617.75,195.00,1,224.76
1789.00,1157,1.17,411.00,596.93,331.00,3,380.15
1792.00,1312,-0.28,231.00,617.75,164.00,1,192.70
1793.00,1313,0.53,230.00,607.65,162.00,1,197.24
1794.00,1167,-0.73,406.00,596.93,321.00,3,370.34
1795.00,1168,1.08,404.00,596.93,320.00,3,379.25
1795.00,1321,0.01,223.00,617.75,156.00,1,191.71
1797.00,1173,-0.87,402.00,596.93,317.00,2,373.73
1797.00,1339,-0.41,204.00,617.75,136.00,1,171.56
1798.00,1174,0.94,400.00,596.93,316.00,2,372.99
1798.00,1342,1.02,200.00,617.75,134.00,1,170.72
1801.00,1343,1.83,201.00,617.75,133.00,1,170.82
1804.00,1184,0.04,395.00,596.93,306.00,2,360.44
1804.00,1352,1.12,194.00,617.75,127.00,1,162.16
1807.00,1214,-0.66,363.00,596.93,271.00,2,326.24
1807.00,1368,-0.92,180.00,617.75,110.00,1,148.18
1808.00,1351,-0.69,201.00,596.93,143.00,1,169.15
1810.00,1370,-0.30,180.00,596.93,122.00,1,152.19
1810.00,1376,-0.44,173.00,617.75,103.00,1,142.47
1810.00,1426,67.06,46.00,615.10,0.00,0,16.02
1812.00,1396,0.76,150.00,617.75,78.00,1,118.40
1815.00,1411,-0.09,136.00,596.93,75.00,1,105.69
1816.00,1410,-0.90,139.00,617.75,65.00,1,106.45
1816.00,1433,69.73,41.00,615.10,0.00,0,6.81
1818.00,1440,63.40,41.00,615.10,0.00,0,13.69
1819.00,1401,-0.19,152.00,596.93,86.00,1,107.29
1819.00,1416,0.96,133.00,617.75,58.00,2,97.99
1820.00,1418,0.58,132.00,617.75,54.00,1,102.16
1821.00,1251,1.31,331.00,596.93,231.00,5,295.07
1824.00,1253,1.93,331.00,596.93,225.00,4,295.27
1825.00,1258,1.98,326.00,596.93,222.00,4,293.93
1825.00,1427,67.87,59.00,617.75,0.00,0,21.17
1825.00,1452,55.12,42.00,615.10,0.00,0,12.07
1826.00,1428,68.68,58.00,617.75,0.00,0,26.16
1827.00,1260,4.60,323.00,596.93,216.00,2,294.00
1829.00,1432,68.92,56.00,617.75,0.00,0,19.85
1829.00,1469,40.89,40.00,615.10,0.00,0,6.52
1830.00,1442,64.02,50.00,615.10,0.00,0,16.24
1830.00,1471,41.51,38.00,615.10,0.00,0,7.10
1833.00,1267,1.27,324.00,596.93,215.00,1,285.09
1833.00,1273,-0.87,319.00,596.93,214.00,1,285.49
1835.00,1299,0.19,289.00,596.93,199.00,1,257.05
1836.00,1314,1.34,271.00,586.83,183.00,1,240.08
1836.00,1474,40.94,41.00,617.75,0.00,0,8.17
1839.00,1475,42.75,41.00,617.75,0.00,0,8.35
1839.00,1476,44.56,38.00,615.10,0.00,0,6.10
1842.00,1319,-0.61,273.00,596.93,180.00,1,236.91
1843.00,1483,39.23,39.00,617.75,0.00,0,9.70
1844.00,1322,0.82,270.00,596.93,177.00,1,235.21
1846.00,1357,-0.83,232.00,596.93,137.00,1,198.60
1851.00,1394,0.14,192.00,596.93,94.00,1,153.72
1856.00,1318,18.58,269.00,596.93,206.00,1,237.85
1856.00,1344,9.64,247.00,617.75,203.00,1,215.47
1857.00,1350,14.50,236.00,615.10,189.00,1,201.47
1858.00,1347,12.07,243.00,617.75,200.00,1,214.84
1859.00,1365,2.65,232.00,605.00,184.00,1,197.60
1860.00,1337,8.97,260.00,596.93,205.00,1,224.67
1861.00,1362,7.22,233.00,615.10,184.00,1,201.79
1862.00,1346,10.26,250.00,596.93,203.00,1,219.29
1862.00,1375,6.75,219.00,615.10,173.00,1,184.81
1864.00,1349,12.69,246.00,596.93,196.00,1,212.72
1865.00,1354,12.74,241.00,617.75,188.00,1,202.11
1865.00,1373,6.13,225.00,615.10,174.00,1,188.57
1866.00,1363,9.03,235.00,596.93,185.00,1,203.88
1866.00,1386,2.66,214.00,615.10,164.00,1,181.74
1866.00,1391,5.71,205.00,615.10,154.00,1,174.73
1867.00,1361,7.41,240.00,617.75,188.00,1,205.37
1867.00,1369,4.89,233.00,596.93,183.00,1,206.18
1868.00,1413,-0.47,187.00,615.10,137.00,1,155.54
1869.00,1389,5.09,211.00,617.75,161.00,1,181.70
1869.00,1445,1.45,148.00,615.10,95.00,1,118.12
1870.00,1400,0.00,204.00,615.10,153.00,1,173.81
1871.00,1456,-0.64,139.00,605.00,90.00,1,107.77
1872.00,1371,5.51,235.00,596.93,182.00,1,201.43
1873.00,1378,6.18,227.00,596.93,175.00,1,196.23
1873.00,1468,2.08,124.00,615.10,70.00,1,89.09
1874.00,1480,-0.20,113.00,615.10,63.00,1,82.66
1875.00,1409,-0.71,199.00,617.75,146.00,1,167.01
1876.00,1481,1.61,112.00,615.10,59.00,2,77.95
1877.00,1382,4.42,228.00,596.93,172.00,1,194.10
1878.00,1489,-0.91,107.00,615.10,55.00,1,76.63
1879.00,1387,4.47,224.00,596.93,169.00,1,194.38
1879.00,1515,-0.85,77.00,615.10,24.00,1,45.92
1880.00,1422,-0.18,188.00,617.75,131.00,1,156.53
1881.00,1431,-0.89,179.00,596.93,122.00,1,147.41
1881.00,1521,-0.99,72.00,615.10,19.00,1,40.39
1883.00,1444,-0.36,165.00,596.93,110.00,1,135.44
1884.00,1415,0.15,200.00,617.75,135.00,1,154.01
1884.00,1485,-0.15,117.00,615.10,61.00,1,86.49
1885.00,1446,3.26,161.00,617.75,99.00,1,124.69
1886.00,1466,1.46,140.00,617.75,82.00,1,110.62
1887.00,1459,-0.21,151.00,596.93,92.00,1,116.40
1888.00,1461,0.41,149.00,596.93,90.00,1,119.60
1889.00,1491,-0.29,115.00,617.75,56.00,1,80.99
1891.00,1465,-0.35,148.00,596.93,89.00,1,115.70
1891.00,1503,-0.57,103.00,617.75,44.00,1,68.82
1893.00,1534,-0.46,68.00,617.75,10.00,1,37.15
1894.00,1553,0.93,45.00,615.10,0.00,0,10.99
1895.00,1540,1.40,61.00,617.75,0.00,0,30.29
1896.00,1470,2.70,144.00,596.93,82.00,1,107.51
1897.00,1477,-0.63,140.00,596.93,76.00,1,109.85
1899.00,1518,-0.42,93.00,596.93,32.00,1,60.85
1900.00,1558,-0.02,46.00,617.75,0.00,0,10.96
1901.00,1560,0.60,44.00,617.75,0.00,0,10.01
1902.00,1531,-0.89,81.00,596.93,16.00,1,47.35
1903.00,1561,2.41,43.00,615.10,0.00,0,8.14
1904.00,1539,-0.41,73.00,596.93,9.00,1,41.02
1904.00,1565,0.65,41.00,615.10,0.00,0,6.54
1904.00,1568,0.08,38.00,615.10,0.00,0,9.02
1911.00,1295,0.95,369.00,596.93,308.00,2,337.01
1911.00,1360,3.60,289.00,615.10,231.00,2,260.19
1912.00,1381,0.61,268.00,617.75,215.00,2,236.37
1913.00,1403,-0.57,244.00,615.10,201.00,1,215.44
1915.00,1392,0.52,258.00,615.10,209.00,1,224.06
1916.00,1307,0.67,360.00,596.93,293.00,2,323.35
1917.00,1324,-0.56,342.00,596.93,275.00,2,313.72
1917.00,1398,-0.62,254.00,615.10,207.00,1,221.92
1917.00,1404,1.24,245.00,615.10,198.00,1,211.81
1918.00,1419,0.39,229.00,617.75,183.00,1,199.28
1919.00,1329,-0.51,338.00,596.93,269.00,2,306.97
1919.00,1399,1.19,253.00,615.10,206.00,1,223.21
1920.00,1423,-0.37,227.00,617.75,180.00,1,196.65
1920.00,1443,0.83,202.00,615.10,152.00,1,168.59
1922.00,1453,-0.07,193.00,615.10,144.00,1,161.49
1923.00,1454,1.74,191.00,615.10,139.00,1,159.26
1924.00,1356,-0.64,311.00,596.93,240.00,2,274.59
1925.00,1364,1.84,300.00,596.93,230.00,2,266.05
1925.00,1435,1.35,216.00,617.75,165.00,1,182.22
1925.00,1501,-0.19,139.00,615.10,89.00,1,108.88
1926.00,1450,-0.50,201.00,617.75,151.00,1,170.26
1927.00,1390,-0.10,273.00,596.93,216.00,1,242.77
1927.00,1457,1.17,192.00,615.10,140.00,1,161.48
1927.00,1505,-0.95,137.00,615.10,86.00,1,104.97
1929.00,1417,-0.23,243.00,596.93,191.00,1,212.05
1929.00,1512,1.72,128.00,615.10,78.00,1,95.01
1931.00,1434,-0.46,225.00,596.93,171.00,1,193.78
1931.00,1519,-0.61,124.00,615.10,76.00,1,95.31
1932.00,1516,-0.04,128.00,615.10,75.00,2,95.38
1934.00,1436,3.16,222.00,596.93,167.00,1,189.98
1934.00,1460,0.60,196.00,617.75,139.00,1,157.29
1934.00,1525,2.25,117.00,615.10,65.00,1,89.84
1936.00,1437,4.97,221.00,596.93,166.00,1,190.77
1936.00,1495,-0.05,157.00,617.75,101.00,1,120.42
1936.00,1554,-0.26,87.00,615.10,35.00,1,55.18
1937.00,1497,-0.43,156.00,617.75,99.00,1,128.08
1938.00,1509,-0.71,143.00,617.75,89.00,1,112.29
1939.00,1447,-0.93,218.00,596.93,161.00,1,186.59
1939.00,1563,1.03,78.00,615.10,26.00,1,41.81
1940.00,1564,2.84,76.00,615.10,25.00,1,43.57
1941.00,1486,-0.34,173.00,596.93,117.00,2,142.09
1941.00,1523,1.63,127.00,615.10,70.00,1,90.97
1942.00,1562,-0.78,84.00,615.10,27.00,2,51.90
1943.00,1487,1.47,172.00,596.93,117.00,1,142.63
1943.00,1529,0.49,123.00,615.10,63.00,1,91.75
1943.00,1574,-0.06,70.00,615.10,19.00,1,42.06
1944.00,1536,-0.84,117.00,617.75,61.00,1,85.25
1945.00,1591,-0.29,52.00,615.10,0.00,0,22.60
1946.00,1537,-0.03,117.00,617.75,61.00,1,89.47
1947.00,1593,0.33,51.00,615.10,0.00,0,16.58
1949.00,1511,-0.09,151.00,596.93,89.00,1,113.47
1949.00,1544,-0.36,112.00,617.75,54.00,1,79.45
1951.00,1522,-0.18,140.00,596.93,78.00,1,107.42
1952.00,1556,0.36,100.00,617.75,39.00,1,69.39
1953.00,1559,-0.21,98.00,596.93,35.00,1,64.28
1953.00,1600,0.00,49.00,615.10,0.00,0,6.89
1954.00,1606,-0.14,43.00,615.10,0.00,0,6.78
1955.00,1571,-0.49,86.00,617.75,25.00,1,51.56
1955.00,1579,-0.01,76.00,596.93,14.00,1,44.44
1956.00,1585,1.85,68.00,617.75,7.00,1,35.25
1959.00,1582,-0.58,77.00,596.93,13.00,1,40.92
1959.00,1602,0.62,52.00,617.75,0.00,0,20.23
1960.00,1617,-0.23,36.00,615.10,0.00,0,5.82
1961.00,1583,1.23,76.00,596.93,11.00,1,40.18
1961.00,1603,1.43,52.00,617.75,0.00,0,20.90
1964.00,1607,1.67,50.00,617.75,0.00,0,15.15
1970.00,1624,-0.56,38.00,617.75,0.00,0,7.50
1977.00,1425,-0.75,282.00,596.93,228.00,1,247.96
1979.00,1430,-0.70,278.00,586.83,227.00,1,246.46
1979.00,1439,1.59,265.00,615.10,217.00,1,228.57
1980.00,1448,-0.12,257.00,615.10,210.00,1,225.15
1981.00,1441,2.21,264.00,615.10,216.00,1,232.38
1981.00,1449,1.69,255.00,615.10,209.00,1,225.03
1981.00,1458,-0.02,246.00,596.93,199.00,1,214.84
1982.00,1438,-0.22,271.00,617.75,218.00,1,229.38
1983.00,1451,2.31,254.00,615.10,205.00,1,220.48
1983.00,1463,1.03,241.00,596.93,196.00,1,211.99
1984.00,1462,-0.78,245.00,617.75,197.00,1,213.88
1984.00,1467,2.27,236.00,615.10,185.00,1,208.00
1986.00,1472,-0.68,235.00,615.10,183.00,2,203.51
1986.00,1478,-0.82,228.00,596.93,180.00,1,197.34
1987.00,1464,2.84,242.00,617.75,193.00,1,207.72
1987.00,1479,0.99,226.00,615.10,174.00,1,191.54
1988.00,1473,1.13,234.00,617.75,184.00,1,205.33
1989.00,1488,-0.72,219.00,615.10,167.00,2,189.23
1990.00,1484,1.04,223.00,596.93,171.00,1,188.94
1990.00,1498,2.38,205.00,615.10,156.00,1,176.21
1993.00,1492,0.52,217.00,596.93,163.00,1,181.91
1993.00,1502,3.62,202.00,615.10,151.00,1,167.40
1994.00,1490,-0.10,221.00,615.10,167.00,1,188.97
1995.00,1482,0.42,231.00,617.75,174.00,1,190.56
1995.00,1499,4.19,207.00,596.93,154.00,1,175.40
1995.00,1507,6.67,195.00,615.10,142.00,1,164.75
1997.00,1493,2.33,218.00,617.75,165.00,1,185.13
1997.00,1504,4.24,203.00,596.93,148.00,1,172.47
1997.00,1517,3.77,188.00,615.10,134.00,1,152.73
1998.00,1496,1.76,216.00,617.75,161.00,1,184.72
1998.00,1538,-0.22,168.00,615.10,113.00,1,135.85
1999.00,1506,4.86,202.00,596.93,146.00,1,171.54
2000.00,1513,2.53,197.00,615.10,142.00,1,163.80
2000.00,1546,-0.74,161.00,615.10,108.00,2,134.71
2002.00,1557,-0.83,150.00,615.10,96.00,1,118.39
2003.00,1530,-0.70,183.00,596.93,127.00,1,152.52
2003.00,1578,1.18,124.00,615.10,70.00,1,92.97
2005.00,1532,-0.08,182.00,617.75,124.00,1,145.89
2005.00,1543,-0.17,169.00,596.93,113.00,1,140.11
2005.00,1588,0.28,115.00,615.10,65.00,1,81.82
2006.00,1514,4.34,200.00,615.10,140.00,1,159.29
2006.00,1552,-0.88,160.00,615.10,104.00,1,130.31
2007.00,1535,-0.65,181.00,617.75,124.00,1,144.63
2007.00,1604,-0.76,99.00,615.10,48.00,1,65.55
2008.00,1566,-0.54,145.00,596.93,88.00,1,114.71
2008.00,1572,-0.68,138.00,615.10,83.00,1,108.19
2008.00,1609,-0.71,94.00,615.10,44.00,1,61.77
2010.00,1637,-0.03,62.00,615.10,12.00,1,30.47
2011.00,1577,0.37,134.00,617.75,77.00,1,105.44
2012.00,1575,-0.25,138.00,596.93,79.00,1,104.15
2013.00,1580,1.80,131.00,596.93,72.00,1,100.73
2013.00,1610,1.10,96.00,615.10,39.00,1,58.72
2014.00,1587,-0.53,126.00,617.75,67.00,1,95.09
2015.00,1616,-0.04,92.00,596.93,34.00,1,62.42
2018.00,1631,-0.89,78.00,596.93,20.00,1,47.75
2020.00,1635,-0.65,75.00,596.93,14.00,1,46.00
2021.00,1590,0.90,128.00,617.75,65.00,1,88.02
2022.00,1598,-0.62,121.00,617.75,59.00,1,91.23
2022.00,1640,-0.60,71.00,596.93,12.00,1,43.10
2024.00,1605,1.05,113.00,617.75,50.00,1,82.22
2028.00,1653,-0.07,61.00,596.93,0.00,0,26.74
2029.00,1612,1.72,109.00,617.75,43.00,1,70.02
2029.00,1655,0.55,59.00,596.93,0.00,0,26.72
2030.00,1619,-0.61,104.00,607.65,38.00,1,74.03
2031.00,1670,1.70,42.00,615.10,0.00,0,5.21
2032.00,1628,-0.32,95.00,617.75,29.00,1,58.99
2033.00,1656,2.36,60.00,596.93,0.00,0,24.99
2035.00,1642,0.02,81.00,617.75,12.00,1,44.84
2035.00,1657,4.17,59.00,596.93,0.00,0,24.34
2039.00,1659,4.79,60.00,596.93,0.00,0,25.06
2039.00,1681,-0.39,39.00,617.75,0.00,0,8.36
2040.00,1661,5.41,58.00,596.93,0.00,0,24.01
2040.00,1682,1.42,37.00,615.10,0.00,0,6.40
2042.00,1669,-0.11,56.00,596.93,0.00,0,23.35
2047.00,1683,3.23,41.00,617.75,0.00,0,6.66
2048.00,1686,2.66,39.00,617.75,0.00,0,11.76
2054.00,1693,-0.67,40.00,617.75,0.00,0,7.75
2056.00,1694,1.14,39.00,617.75,0.00,0,9.23
2058.00,1695,2.95,38.00,596.93,0.00,0,8.81
2064.00,1698,2.38,41.00,617.75,0.00,0,9.63
2067.00,1703,-0.57,41.00,617.75,0.00,0,8.56
2071.00,1706,-0.14,41.00,596.93,0.00,0,9.38
2087.00,1421,-0.99,397.00,596.93,300.00,2,363.97
2087.00,1508,17.48,275.00,617.75,231.00,1,243.91
2087.00,1526,7.06,264.00,615.10,218.00,1,233.39
2090.00,1569,-0.11,223.00,615.10,176.00,1,187.95
2091.00,1405,-0.95,420.00,596.93,321.00,5,383.27
2092.00,1586,-0.34,205.00,615.10,154.00,1,169.41
2093.00,1412,1.72,411.00,596.93,307.00,4,375.99
2093.00,1528,11.68,263.00,617.75,212.00,1,223.49
2093.00,1601,-0.19,188.00,615.10,139.00,1,153.79
2094.00,1533,8.73,261.00,617.75,211.00,1,225.38
2095.00,1424,-0.56,401.00,596.93,295.00,2,372.39
2096.00,1547,-0.93,256.00,617.75,206.00,1,221.58
2097.00,1549,2.69,251.00,617.75,203.00,1,222.56
2097.00,1614,1.34,175.00,615.10,123.00,1,136.74
2098.00,1634,-0.46,154.00,615.10,103.00,1,124.98
2099.00,1429,69.49,329.00,596.93,231.00,1,292.95
2100.00,1455,54.55,314.00,596.93,230.00,1,285.84
2100.00,1643,-0.17,145.00,615.10,93.00,1,114.26
2101.00,1555,1.55,249.00,617.75,196.00,1,213.12
2102.00,1567,-0.73,238.00,617.75,188.00,1,206.02
2103.00,1494,28.14,297.00,596.93,229.00,1,262.58
2103.00,1660,-0.40,128.00,615.10,75.00,1,89.08
2104.00,1570,1.70,234.00,617.75,182.00,1,204.06
2105.00,1589,-0.91,215.00,617.75,164.00,1,188.01
2106.00,1500,24.00,297.00,596.93,228.00,1,262.80
2106.00,1676,-0.44,112.00,615.10,58.00,1,71.16
2106.00,1733,1.73,42.00,615.10,0.00,0,8.47
2107.00,1510,18.10,292.00,596.93,228.00,1,263.64
2107.00,1702,-0.38,82.00,615.10,29.00,1,45.75
2109.00,1520,9.20,291.00,586.83,229.00,1,259.82
2109.00,1740,-0.60,39.00,615.10,0.00,0,7.77
2110.00,1592,-0.48,216.00,617.75,160.00,1,183.44
2111.00,1524,6.44,291.00,596.93,228.00,2,262.38
2112.00,1594,-0.86,216.00,617.75,159.00,1,182.11
2113.00,1732,-0.08,52.00,615.10,5.00,1,20.69
2115.00,1625,0.25,181.00,617.75,123.00,1,147.46
2116.00,1527,8.87,290.00,596.93,227.00,1,255.47
2118.00,1548,0.88,275.00,596.93,216.00,1,245.08
2118.00,1678,0.18,121.00,617.75,63.00,1,88.58
2119.00,1550,4.50,270.00,596.93,214.00,1,239.81
2119.00,1747,-0.93,41.00,615.10,0.00,0,7.37
2121.00,1684,-0.96,118.00,617.75,57.00,1,84.03
2123.00,1573,1.13,250.00,596.93,190.00,1,217.23
2124.00,1700,0.00,101.00,617.75,39.00,1,64.88
2125.00,1749,-0.31,44.00,615.10,0.00,0,4.73
2126.00,1597,-0.43,226.00,596.93,164.00,1,192.52
2126.00,1710,1.10,90.00,617.75,29.00,1,61.51
2128.00,1613,-0.47,209.00,596.93,146.00,1,181.28
2128.00,1712,1.72,89.00,617.75,27.00,1,55.82
2129.00,1618,-0.42,204.00,596.93,142.00,1,174.37
2130.00,1713,3.53,88.00,617.75,27.00,1,57.12
2131.00,1620,0.20,203.00,596.93,140.00,1,173.33
2133.00,1623,-0.37,202.00,596.93,140.00,1,173.60
2133.00,1723,-0.37,83.00,617.75,19.00,1,51.47
2137.00,1742,0.02,64.00,617.75,0.00,0,27.53
2139.00,1750,1.50,55.00,617.75,0.00,0,23.27
2140.00,1671,-0.49,152.00,596.93,83.00,1,114.49
2141.00,1704,-0.76,114.00,596.93,48.00,1,79.12
2141.00,1761,-0.59,46.00,617.75,0.00,0,13.41
2143.00,1772,-0.68,35.00,615.10,0.00,0,5.53
2144.00,1705,1.05,114.00,596.93,45.00,1,80.38
2145.00,1709,-0.71,112.00,596.93,44.00,1,80.13
2147.00,1751,3.31,60.00,596.93,0.00,0,28.60
2150.00,1767,-0.73,48.00,596.93,0.00,0,16.99
2157.00,1769,-0.11,52.00,596.93,0.00,0,12.40
2161.00,1541,3.21,324.00,596.93,257.00,2,296.62
2164.00,1581,-0.39,283.00,615.10,239.00,1,251.66
2164.00,1599,1.19,260.00,615.10,217.00,1,232.10
2165.00,1542,5.02,325.00,596.93,254.00,2,295.28
2165.00,1576,-0.44,290.00,615.10,244.00,1,257.98
2167.00,1608,-0.52,254.00,615.10,204.00,1,220.18
2168.00,1615,-0.85,247.00,615.10,196.00,2,213.67
2170.00,1629,1.49,230.00,615.10,179.00,1,196.39
2171.00,1545,4.45,328.00,596.93,252.00,1,292.27
2172.00,1641,2.21,217.00,615.10,167.00,1,188.02
2173.00,1551,0.31,327.00,596.93,252.00,1,296.54
2173.00,1611,-0.09,256.00,617.75,204.00,1,216.65
2173.00,1627,0.87,236.00,617.75,187.00,1,203.72
2173.00,1648,2.88,209.00,615.10,159.00,1,178.03
2174.00,1584,-0.96,290.00,596.93,239.00,1,258.85
2175.00,1666,5.46,187.00,615.10,134.00,1,156.40
2176.00,1595,-0.05,278.00,596.93,228.00,1,245.59
2176.00,1632,0.92,233.00,617.75,180.00,1,196.86
2177.00,1636,2.16,228.00,617.75,177.00,1,196.05
2177.00,1672,4.32,183.00,615.10,134.00,1,148.88
2178.00,1596,1.76,277.00,596.93,227.00,1,247.99
2178.00,1667,7.27,187.00,615.10,132.00,1,154.16
2179.00,1638,2.78,227.00,617.75,175.00,1,193.77
2180.00,1621,-0.99,252.00,596.93,204.00,1,222.26
2180.00,1650,6.50,210.00,617.75,160.00,1,180.20
2180.00,1680,0.80,180.00,615.10,127.00,1,147.51
2182.00,1651,8.31,209.00,617.75,156.00,1,176.37
2182.00,1691,0.71,169.00,615.10,121.00,1,136.05
2183.00,1711,-0.09,147.00,615.10,96.00,1,115.49
2184.00,1622,0.82,253.00,596.93,201.00,1,220.58
2187.00,1652,9.12,212.00,617.75,156.00,1,174.00
2188.00,1630,-0.70,249.00,615.10,208.00,1,219.70
2190.00,1639,-0.41,240.00,596.93,197.00,1,211.51
2190.00,1645,-0.55,233.00,617.75,191.00,1,202.46
2190.00,1665,1.65,207.00,615.10,162.00,1,176.26
2192.00,1674,0.94,199.00,615.10,149.00,1,166.73
2193.00,1668,1.08,207.00,617.75,160.00,1,174.00
2194.00,1677,3.37,195.00,615.10,143.00,1,162.06
2197.00,1647,-0.93,238.00,596.93,187.00,1,201.74
2197.00,1673,-0.87,207.00,617.75,157.00,1,171.72
2198.00,1664,-0.16,218.00,596.93,170.00,1,188.12
2198.00,1701,-0.19,174.00,615.10,123.00,1,136.39
2199.00,1687,-0.53,192.00,617.75,143.00,1,155.16
2200.00,1720,5.20,148.00,615.10,97.00,1,109.63
2200.00,1727,5.87,139.00,615.10,90.00,1,108.89
2201.00,1675,2.75,205.00,596.93,154.00,1,170.52
2202.00,1726,4.06,144.00,615.10,89.00,1,116.14
2203.00,1689,0.09,193.00,617.75,140.00,1,155.27
2203.00,1692,-0.48,190.00,596.93,140.00,1,160.54
2203.00,1736,4.16,133.00,615.10,83.00,1,101.20
2205.00,1696,-0.24,187.00,617.75,134.00,1,149.25
2205.00,1707,-0.33,174.00,596.93,122.00,1,141.93
2205.00,1744,-0.36,130.00,615.10,77.00,1,97.54
2206.00,1697,1.57,185.00,617.75,132.00,1,150.88
2206.00,1708,1.48,172.00,596.93,121.00,1,143.71
2206.00,1748,3.88,122.00,605.00,72.00,2,92.86
2208.00,1715,-0.85,168.00,617.75,116.00,1,133.79
2208.00,1766,0.46,106.00,615.10,57.00,1,74.33
2209.00,1779,-0.01,92.00,615.10,41.00,1,61.09
2210.00,1716,0.96,167.00,617.75,114.00,1,136.18
2211.00,1718,1.58,165.00,596.93,110.00,1,131.59
2212.00,1745,1.45,134.00,615.10,79.00,1,100.17
2212.00,1785,1.85,86.00,615.10,34.00,2,53.75
2213.00,1719,3.39,164.00,596.93,109.00,1,130.82
2215.00,1721,7.01,160.00,596.93,106.00,1,128.40
2215.00,1765,-0.35,115.00,617.75,60.00,1,81.13
2215.00,1805,-0.95,68.00,615.10,12.00,1,31.85
2217.00,1768,1.08,112.00,615.10,55.00,1,78.09
2217.00,1781,0.61,97.00,617.75,44.00,2,66.51
2218.00,1731,4.11,154.00,596.93,97.00,1,120.35
2219.00,1826,4.06,42.00,615.10,0.00,0,6.82
2220.00,1822,-0.18,52.00,615.10,0.00,0,21.65
2221.00,1734,3.54,154.00,596.93,95.00,1,119.22
2222.00,1789,0.09,93.00,617.75,36.00,1,59.28
2222.00,1829,3.49,42.00,615.10,0.00,0,15.94
2223.00,1746,3.26,142.00,596.93,82.00,1,111.41
2225.00,1801,0.81,81.00,617.75,21.00,1,44.76
2226.00,1753,0.93,139.00,596.93,79.00,1,105.79
2227.00,1825,2.25,53.00,617.75,0.00,0,20.64
2230.00,1760,-0.40,136.00,596.93,73.00,1,98.95
2232.00,1722,-0.18,183.00,615.10,143.00,1,155.89
2234.00,1724,0.44,182.00,617.75,137.00,1,151.14
2235.00,1754,-0.26,148.00,596.93,104.00,1,117.84
2236.00,1756,0.36,146.00,615.10,96.00,1,114.31
2237.00,1725,2.25,182.00,617.75,134.00,1,148.80
2237.00,1730,-0.70,179.00,615.10,130.00,1,141.22
2238.00,1759,-0.21,145.00,615.10,94.00,2,114.49
2238.00,1773,2.13,126.00,596.93,79.00,1,93.56
2239.00,1770,-0.30,133.00,605.00,85.00,2,100.80
2241.00,1743,-0.17,167.00,617.75,117.00,1,131.63
2241.00,1774,3.94,126.00,596.93,78.00,1,94.06
2242.00,1778,8.18,118.00,615.10,65.00,1,83.44
2243.00,1752,-0.88,159.00,617.75,110.00,1,127.27
2243.00,1802,-0.38,99.00,615.10,49.00,1,69.58
2244.00,1775,5.75,126.00,596.93,76.00,1,92.47
2244.00,1795,-0.05,108.00,615.10,60.00,1,79.03
2245.00,1771,1.51,136.00,617.75,84.00,1,102.22
2245.00,1810,-0.90,92.00,615.10,41.00,1,59.79
2247.00,1849,-0.31,47.00,615.10,0.00,0,13.72
2248.00,1804,0.24,101.00,615.10,49.00,1,66.67
2249.00,1776,7.56,128.00,596.93,72.00,1,89.09
2250.00,1814,1.34,90.00,596.93,38.00,1,59.11
2250.00,1853,0.93,44.00,615.10,0.00,0,7.92
2251.00,1813,-0.47,94.00,615.10,41.00,1,57.90
2252.00,1816,1.96,89.00,596.93,35.00,1,58.00
2252.00,1850,1.50,49.00,615.10,0.00,0,18.51
2253.00,1821,-0.99,87.00,617.75,34.00,1,52.70
2253.00,1861,1.41,37.00,596.93,0.00,0,12.10
2254.00,1860,-0.40,41.00,615.10,0.00,0,10.72
2255.00,1841,-0.79,65.00,617.75,12.00,1,35.74
2262.00,1786,-0.34,137.00,615.10,93.00,1,106.78
2263.00,1791,-0.29,132.00,615.10,87.00,1,100.34
2264.00,1799,2.19,121.00,596.93,77.00,1,90.54
2265.00,1792,1.52,131.00,615.10,85.00,1,97.60
2265.00,1796,2.76,125.00,615.10,79.00,1,93.42
2266.00,1780,-0.20,148.00,617.75,100.00,1,110.17
2267.00,1794,2.14,130.00,615.10,83.00,1,97.80
2267.00,1803,0.43,121.00,615.10,75.00,1,93.24
2267.00,1812,-0.28,111.00,596.93,63.00,1,79.13
2270.00,1808,-0.52,119.00,615.10,71.00,1,84.03
2271.00,1854,-0.26,65.00,615.10,14.00,1,26.30
2273.00,1838,1.78,84.00,617.75,35.00,1,50.05
2273.00,1864,-0.16,55.00,615.10,3.00,1,24.23
2274.00,1871,-0.49,48.00,615.10,0.00,0,17.44
2275.00,1827,-0.13,101.00,596.93,47.00,1,61.03
2275.00,1832,-0.08,95.00,596.93,42.00,1,62.48
2276.00,1843,1.83,81.00,617.75,29.00,1,44.98
2277.00,1833,1.73,94.00,596.93,41.00,1,59.89
2279.00,1834,3.54,93.00,596.93,39.00,1,60.17
2281.00,1840,2.40,89.00,596.93,37.00,1,58.29
2281.00,1846,0.26,84.00,617.75,28.00,1,44.67
2282.00,1851,-0.69,80.00,617.75,25.00,1,45.96
2282.00,1875,0.75,50.00,617.75,0.00,0,23.60
2282.00,1881,2.61,41.00,615.10,0.00,0,6.70
2283.00,1855,1.55,74.00,596.93,20.00,1,44.98
2284.00,1873,0.13,55.00,617.75,0.00,0,21.30
2286.00,1891,-0.29,36.00,615.10,0.00,0,6.55
2288.00,1876,2.56,53.00,596.93,0.00,0,18.05
2290.00,1879,1.99,52.00,617.75,0.00,0,12.32
2290.00,1884,2.04,46.00,596.93,0.00,0,16.06
2293.00,1892,1.52,40.00,617.75,0.00,0,7.83
2293.00,1894,2.14,37.00,615.10,0.00,0,6.42
2299.00,1896,5.76,37.00,615.10,0.00,0,5.98
2300.00,1895,3.95,41.00,596.93,0.00,0,8.87
2313.00,1904,2.24,45.00,596.93,0.00,0,8.26
2314.00,1898,6.38,49.00,617.75,0.00,0,7.33
2314.00,1906,2.86,43.00,617.75,0.00,0,9.88
2327.00,1919,-0.61,44.00,596.93,0.00,0,9.47
2329.00,1921,0.01,43.00,596.93,0.00,0,8.76
2332.00,1922,1.82,43.00,596.93,0.00,0,9.23
2339.00,1930,-0.70,43.00,596.93,0.00,0,8.47
2340.00,1933,-0.27,40.00,615.10,0.00,0,5.57
2343.00,1934,1.54,40.00,617.75,0.00,0,6.59
2356.00,1948,-0.12,38.00,596.93,0.00,0,9.79
2359.00,1950,0.50,38.00,617.75,0.00,0,8.02
2365.00,1952,1.12,41.00,615.10,0.00,0,4.96
2372.00,1954,1.74,45.00,617.75,0.00,0,7.42
2375.00,1654,9.74,397.00,617.75,341.00,2,367.68
2377.00,1728,-0.32,321.00,615.10,262.00,3,286.50
2378.00,1626,-0.94,444.00,596.93,383.00,2,405.68
2379.00,1633,2.73,433.00,596.93,375.00,2,401.32
2379.00,1735,-0.65,315.00,605.00,254.00,3,285.73
2380.00,1738,4.78,307.00,605.00,246.00,2,275.32
2382.00,1690,-0.10,371.00,617.75,309.00,2,337.70
2382.00,1741,1.21,309.00,615.10,245.00,2,275.55
2383.00,1737,-0.03,316.00,615.10,256.00,2,286.92
2384.00,1644,1.64,426.00,596.93,361.00,2,387.37
2384.00,1783,1.23,261.00,615.10,198.00,2,229.10
2385.00,1646,2.26,424.00,596.93,360.00,3,391.26
2385.00,1662,5.22,402.00,617.75,335.00,2,356.50
2385.00,1729,0.49,327.00,617.75,263.00,2,291.99
2385.00,1809,-0.71,233.00,615.10,179.00,1,201.38
2386.00,1649,4.69,419.00,596.93,354.00,2,388.53
2387.00,1815,-0.85,228.00,615.10,176.00,1,195.56
2389.00,1658,6.98,409.00,596.93,343.00,2,376.49
2389.00,1739,0.59,319.00,617.75,252.00,2,285.65
2389.00,1817,-0.23,227.00,615.10,169.00,1,194.05
2390.00,1663,6.03,405.00,596.93,338.00,2,377.00
2390.00,1844,-0.36,196.00,615.10,145.00,1,164.81
2391.00,1757,0.17,300.00,617.75,232.00,2,265.66
2392.00,1859,2.79,177.00,615.10,128.00,1,146.55
2393.00,1865,-0.35,174.00,615.10,125.00,1,143.53
2394.00,1679,-0.01,396.00,596.93,325.00,2,363.13
2394.00,1763,-0.97,297.00,617.75,227.00,2,260.60
2395.00,1685,-0.15,390.00,596.93,320.00,2,360.97
2395.00,1900,0.00,134.00,615.10,84.00,1,103.94
2396.00,1910,1.10,122.00,615.10,74.00,1,91.31
2397.00,1688,-0.72,389.00,596.93,319.00,2,360.70
2398.00,1764,0.84,298.00,617.75,226.00,2,260.06
2399.00,1914,2.34,119.00,615.10,69.00,2,86.72
2400.00,1699,-0.81,379.00,596.93,306.00,2,349.84
2400.00,1788,1.28,271.00,617.75,198.00,2,232.51
2400.00,1939,-0.41,93.00,615.10,41.00,1,63.19
2402.00,1790,0.90,271.00,617.75,196.00,2,242.74
2403.00,1961,-0.59,70.00,615.10,18.00,1,37.20
2405.00,1714,-0.66,366.00,596.93,292.00,3,330.74
2405.00,1836,-0.84,221.00,617.75,163.00,1,186.04
2405.00,1959,-0.21,74.00,615.10,16.00,1,39.48
2406.00,1717,-0.23,363.00,596.93,289.00,3,334.79
2407.00,1845,1.45,210.00,617.75,153.00,1,176.62
2407.00,1969,-0.11,64.00,615.10,11.00,1,29.70
2410.00,1755,-0.45,322.00,596.93,244.00,3,287.29
2410.00,1975,-0.25,60.00,615.10,6.00,1,23.76
2411.00,1848,0.88,211.00,617.75,150.00,1,173.35
2412.00,1758,0.98,319.00,596.93,240.00,2,290.76
2412.00,1858,0.98,200.00,617.75,142.00,1,171.91
2412.00,1982,-0.58,54.00,615.10,2.00,1,23.10
2413.00,1990,-0.10,45.00,615.10,0.00,0,16.96
2414.00,1901,1.81,150.00,617.75,90.00,1,115.56
2418.00,1782,-0.58,298.00,596.93,212.00,2,258.57
2418.00,1787,-0.53,292.00,596.93,211.00,2,260.94
2418.00,1902,3.62,151.00,617.75,87.00,1,115.91
2420.00,1909,0.29,148.00,617.75,84.00,1,112.89
2424.00,1800,0.00,282.00,596.93,195.00,2,241.78
2425.00,1868,-0.92,203.00,596.93,144.00,1,170.29
2425.00,1935,-0.65,123.00,617.75,55.00,1,82.41
2425.00,1985,-0.15,63.00,615.10,0.00,0,28.56
2426.00,1867,7.27,197.00,586.83,138.00,1,165.50
2426.00,1978,-0.82,73.00,617.75,7.00,1,35.09
2428.00,1818,1.58,263.00,596.93,180.00,2,234.60
2430.00,1988,-0.72,65.00,617.75,0.00,0,26.79
2430.00,2004,-0.76,46.00,615.10,0.00,0,15.04
2431.00,1907,-0.33,162.00,596.93,100.00,1,128.17
2432.00,1999,-0.81,54.00,617.75,0.00,0,16.16
2433.00,1924,-0.56,144.00,596.93,82.00,1,110.87
2434.00,2006,-0.14,47.00,617.75,0.00,0,17.24
2438.00,1970,1.70,92.00,596.93,27.00,1,56.22
2439.00,1819,3.39,271.00,596.93,187.00,3,239.86
2439.00,2009,-0.71,49.00,607.65,0.00,0,11.73
2441.00,1823,1.63,270.00,596.93,186.00,2,237.97
2441.00,2015,-0.85,44.00,617.75,0.00,0,11.66
2443.00,1828,-0.32,268.00,596.93,186.00,2,237.03
2444.00,2018,-0.42,43.00,617.75,0.00,0,7.59
2447.00,1852,-0.88,244.00,596.93,168.00,2,209.54
2447.00,2020,0.20,43.00,615.10,0.00,0,4.70
2447.00,2023,-0.37,40.00,617.75,0.00,0,7.34
2449.00,1857,-0.83,240.00,596.93,168.00,2,206.83
2451.00,2025,0.25,41.00,617.75,0.00,0,9.15
2455.00,1870,-0.30,230.00,596.93,147.00,2,190.65
2456.00,1878,-0.82,222.00,596.93,137.00,2,191.47
2457.00,2028,2.68,41.00,617.75,0.00,0,8.73
2458.00,1883,-0.77,218.00,596.93,132.00,2,187.76
2459.00,1893,-0.67,207.00,596.93,121.00,3,176.84
2461.00,1912,1.72,184.00,596.93,96.00,3,156.13
2461.00,2032,0.92,42.00,617.75,0.00,0,8.58
2465.00,1945,-0.55,151.00,596.93,61.00,2,117.33
2468.00,1998,-0.62,91.00,586.83,4.00,1,58.20
2468.00,2040,-0.60,41.00,617.75,0.00,0,8.06
2470.00,2026,2.06,57.00,596.93,0.00,0,23.59
2472.00,2041,1.21,42.00,596.93,0.00,0,12.04
2474.00,2042,3.02,41.00,617.75,0.00,0,8.01
2478.00,2043,4.83,42.00,596.93,0.00,0,8.95
2482.00,2046,4.26,43.00,596.93,0.00,0,9.84
2485.00,2053,-0.07,42.00,617.75,0.00,0,7.46
2493.00,1762,0.22,396.00,596.93,335.00,2,367.32
2494.00,1842,6.02,296.00,615.10,253.00,1,266.47
2496.00,1839,6.59,301.00,617.75,255.00,1,267.98
2497.00,1856,-0.64,289.00,615.10,241.00,2,256.56
2498.00,1777,-0.63,384.00,596.93,317.00,2,348.81
2498.00,1877,-0.63,265.00,615.10,216.00,2,237.00
2500.00,1784,0.04,377.00,596.93,308.00,2,343.59
2500.00,1847,3.07,299.00,617.75,249.00,1,260.81
2500.00,1863,-0.97,284.00,615.10,236.00,1,249.19
2501.00,1880,-0.20,264.00,615.10,217.00,1,234.31
2502.00,1882,0.42,262.00,615.10,209.00,2,226.40
2503.00,1890,-0.10,254.00,615.10,207.00,1,220.50
2504.00,1793,-0.67,371.00,596.93,303.00,2,336.02
2504.00,1916,1.96,222.00,615.10,170.00,1,191.17
2506.00,1797,-0.43,368.00,596.93,299.00,2,335.31
2506.00,1899,-0.81,247.00,617.75,199.00,1,215.33
2506.00,1917,3.77,221.00,615.10,169.00,1,183.53
2507.00,1798,1.38,366.00,596.93,297.00,2,336.70
2508.00,1937,8.97,194.00,615.10,141.00,1,160.12
2509.00,1908,-0.52,239.00,617.75,189.00,1,204.72
2509.00,1941,7.21,192.00,615.10,139.00,1,160.52
2511.00,1806,0.86,361.00,596.93,286.00,2,326.84
2511.00,1923,2.63,220.00,617.75,169.00,1,190.18
2511.00,1949,13.69,178.00,615.10,128.00,1,147.11
2513.00,1807,2.67,360.00,596.93,284.00,2,328.15
2514.00,1925,3.25,220.00,617.75,168.00,1,186.41
2515.00,1963,10.03,169.00,615.10,114.00,1,130.30
2516.00,1811,0.91,360.00,596.93,283.00,2,326.09
2516.00,1981,-0.39,159.00,615.10,106.00,1,128.41
2518.00,1820,-0.80,353.00,596.93,276.00,2,323.24
2518.00,1929,6.49,216.00,617.75,160.00,1,180.55
2518.00,2016,-0.04,119.00,615.10,67.00,1,85.73
2519.00,1932,8.92,211.00,617.75,155.00,1,181.61
2519.00,2017,1.77,117.00,615.10,64.00,1,87.40
2521.00,1824,0.44,350.00,596.93,273.00,2,315.87
2521.00,1944,12.64,195.00,617.75,141.00,1,166.59
2521.00,2030,-0.70,106.00,615.10,54.00,1,75.15
2522.00,1830,5.30,339.00,596.93,261.00,3,310.36
2523.00,2038,-0.22,98.00,615.10,45.00,1,67.04
2524.00,1831,7.11,338.00,596.93,256.00,1,308.76
2524.00,2039,1.59,96.00,615.10,44.00,1,63.19
2524.00,2058,-0.02,75.00,615.10,24.00,1,41.70
2526.00,1835,5.35,337.00,596.93,256.00,1,307.54
2526.00,1947,14.07,195.00,617.75,137.00,1,164.22
2529.00,1946,12.26,201.00,617.75,137.00,1,156.91
2529.00,1953,11.93,193.00,617.75,134.00,1,164.24
2531.00,1837,5.97,339.00,596.93,256.00,1,305.65
2532.00,1957,12.17,191.00,617.75,131.00,1,158.15
2533.00,1866,-0.54,313.00,596.93,253.00,1,280.73
2534.00,1965,10.65,185.00,617.75,124.00,1,151.45
2536.00,1874,-0.06,306.00,596.93,245.00,1,271.77
2539.00,1885,-0.15,296.00,596.93,232.00,1,261.31
2539.00,1989,-0.91,173.00,617.75,106.00,1,134.59
2540.00,1931,7.11,235.00,596.93,183.00,1,207.57
2541.00,1993,0.33,169.00,617.75,100.00,1,138.94
2542.00,2003,-0.57,159.00,617.75,91.00,1,129.90
2544.00,1887,0.47,298.00,596.93,231.00,1,263.85
2546.00,1967,11.27,194.00,617.75,127.00,2,162.92
2548.00,1942,9.02,228.00,596.93,168.00,1,190.35
2549.00,2022,-0.18,143.00,617.75,70.00,1,100.28
2549.00,2044,-0.36,117.00,596.93,60.00,1,83.56
2550.00,1972,7.32,196.00,617.75,127.00,2,163.41
2551.00,1903,-0.57,287.00,596.93,217.00,3,256.46
2554.00,1992,-0.48,184.00,617.75,112.00,3,145.48
2555.00,2073,-0.87,89.00,596.93,26.00,1,53.73
2556.00,1913,-0.47,280.00,596.93,206.00,2,253.03
2556.00,1995,-0.05,182.00,617.75,102.00,2,151.76
2557.00,1862,3.22,338.00,596.93,301.00,1,309.19
2557.00,2114,-0.66,42.00,615.10,0.00,0,7.69
2558.00,2010,-0.90,167.00,617.75,85.00,2,132.86
2559.00,1915,0.15,280.00,596.93,202.00,1,247.69
2559.00,2103,1.43,55.00,615.10,0.00,0,21.59
2560.00,1869,-0.11,336.00,615.10,301.00,1,309.64
2560.00,2007,-0.33,172.00,617.75,90.00,3,137.41
2562.00,2013,-0.47,167.00,617.75,84.00,4,131.00
2563.00,2060,-0.40,112.00,617.75,26.00,2,80.59
2565.00,1920,3.20,277.00,596.93,194.00,1,237.42
2566.00,1926,4.06,270.00,596.93,189.00,1,236.42
2566.00,2066,-0.54,108.00,617.75,20.00,1,74.41
2568.00,1928,4.68,269.00,596.93,187.00,1,235.01
2569.00,1936,7.16,258.00,596.93,177.00,1,226.24
2569.00,2122,0.82,43.00,615.10,0.00,0,5.47
2570.00,2091,-0.29,82.00,617.75,0.00,0,44.40
2571.00,2094,-0.86,80.00,617.75,0.00,0,50.52
2573.00,2107,-0.33,66.00,617.75,0.00,0,31.94
2580.00,1956,10.36,242.00,596.93,150.00,1,195.39
2581.00,1886,-0.34,337.00,617.75,292.00,1,304.77
2582.00,1872,-0.68,355.00,596.93,304.00,2,319.77
2582.00,1888,0.28,335.00,615.10,285.00,2,300.29
2582.00,1955,-0.45,256.00,615.10,204.00,2,225.06
2583.00,1889,2.09,333.00,617.75,288.00,1,301.66
2584.00,1911,-0.09,310.00,596.93,258.00,2,275.52
2587.00,1897,-0.43,330.00,617.75,282.00,1,296.02
2587.00,1918,-0.42,305.00,596.93,250.00,2,271.27
2587.00,1971,-0.49,242.00,615.10,188.00,2,205.61
2589.00,1938,-0.22,283.00,596.93,227.00,2,252.40
2589.00,2002,-0.38,207.00,615.10,152.00,2,169.83
2590.00,1905,-0.95,324.00,617.75,274.00,1,287.77
2590.00,2019,-0.61,188.00,615.10,130.00,2,157.16
2591.00,1951,-0.69,270.00,596.93,212.00,2,237.40
2592.00,1927,-0.13,299.00,617.75,248.00,1,265.47
2592.00,2051,-0.69,152.00,615.10,95.00,2,120.87
2593.00,2063,-0.97,139.00,615.10,84.00,2,112.18
2594.00,1940,0.40,285.00,617.75,233.00,1,253.63
2595.00,1958,-0.02,265.00,596.93,204.00,2,229.02
2595.00,2078,1.18,121.00,615.10,62.00,2,90.25
2597.00,1966,-0.54,258.00,596.93,196.00,2,225.20
2597.00,2084,-0.96,118.00,615.10,56.00,2,86.62
2598.00,2110,-0.90,88.00,615.10,27.00,2,57.53
2599.00,1968,0.08,257.00,617.75,202.00,1,219.24
2600.00,1974,-0.06,251.00,596.93,188.00,2,216.59
2600.00,2123,-0.37,74.00,615.10,13.00,2,46.26
2601.00,1979,-0.01,246.00,596.93,184.00,2,214.97
2601.00,1984,0.04,240.00,617.75,184.00,1,206.55
2601.00,2131,-0.89,66.00,615.10,5.00,1,32.73
2603.00,1980,1.80,245.00,596.93,181.00,2,217.77
2603.00,1987,-0.53,239.00,617.75,182.00,1,205.42
2603.00,2144,-0.36,52.00,615.10,0.00,0,20.88
2605.00,2021,0.01,200.00,617.75,143.00,1,169.49
2607.00,2029,0.49,192.00,617.75,135.00,1,160.41
2608.00,2027,-0.13,196.00,596.93,132.00,2,172.46
2609.00,1996,-0.24,234.00,596.93,165.00,2,196.86
2610.00,2034,-0.46,190.00,617.75,129.00,1,155.81
2611.00,2024,-0.56,203.00,596.93,135.00,2,166.04
2612.00,2045,-0.55,179.00,617.75,119.00,1,147.20
2612.00,2156,-0.64,47.00,615.10,0.00,0,12.84
2614.00,2059,-0.21,164.00,617.75,105.00,1,133.34
2615.00,2031,0.11,198.00,596.93,129.00,2,164.22
2618.00,2052,1.12,175.00,596.93,102.00,2,140.81
2618.00,2161,-0.59,47.00,615.10,0.00,0,16.07
2619.00,2055,0.55,173.00,596.93,101.00,2,144.15
2619.00,2061,-0.59,167.00,617.75,105.00,1,131.45
2620.00,2069,-0.11,158.00,617.75,97.00,1,123.75
2623.00,2065,-0.35,166.00,596.93,92.00,3,132.04
2625.00,2072,-0.68,160.00,596.93,84.00,2,127.83
2625.00,2125,0.25,96.00,617.75,31.00,1,57.69
2627.00,2074,-0.06,159.00,596.93,82.00,2,128.30
2627.00,2136,-0.84,86.00,617.75,21.00,1,53.42
2629.00,2076,0.56,158.00,596.93,80.00,2,127.23
2630.00,2163,0.03,56.00,617.75,0.00,0,20.36
2632.00,2171,-0.49,49.00,617.75,0.00,0,12.97
2632.00,2175,-0.25,44.00,615.10,0.00,0,10.45
2633.00,2098,-0.62,137.00,596.93,56.00,2,103.00
2635.00,2100,0.00,136.00,596.93,54.00,2,103.28
2635.00,2176,1.56,44.00,617.75,0.00,0,10.59
2637.00,2105,-0.95,133.00,596.93,49.00,2,101.41
2639.00,2106,0.86,132.00,596.93,48.00,2,101.85
2641.00,2113,-0.47,127.00,596.93,42.00,2,98.27
2642.00,2187,2.47,37.00,615.10,0.00,0,6.67
2645.00,2184,1.04,45.00,617.75,0.00,0,7.41
2647.00,2116,-0.04,129.00,596.93,42.00,2,93.32
2648.00,2166,-0.54,71.00,596.93,0.00,0,38.83
2650.00,2169,-0.11,69.00,596.93,0.00,0,38.18
2652.00,2177,3.37,58.00,596.93,0.00,0,28.83
2654.00,2182,0.42,57.00,596.93,0.00,0,26.22
2656.00,2185,1.85,54.00,596.93,0.00,0,24.04
2658.00,2193,-0.67,49.00,596.93,0.00,0,21.14
2662.00,2203,-0.57,41.00,596.93,0.00,0,8.70
2666.00,2208,-0.52,39.00,596.93,0.00,0,9.66
2669.00,1960,-0.40,337.00,596.93,301.00,1,310.32
2679.00,1976,-0.44,328.00,596.93,282.00,1,298.01
2680.00,1964,-0.16,343.00,615.10,297.00,1,308.47
2680.00,1977,1.37,326.00,615.10,279.00,1,291.67
2681.00,1973,-0.87,334.00,615.10,283.00,1,294.79
2684.00,1991,-0.29,315.00,615.10,264.00,1,276.15
2685.00,1986,-0.34,322.00,596.93,272.00,1,284.69
2685.00,2000,0.00,305.00,615.10,254.00,2,277.78
2686.00,1994,-0.86,314.00,607.65,264.00,1,280.92
2687.00,1983,-0.77,328.00,617.75,272.00,1,284.08
2687.00,1997,-0.43,311.00,596.93,261.00,1,280.18
2687.00,2011,-0.09,294.00,615.10,243.00,1,256.90
2688.00,2033,-0.27,269.00,615.10,221.00,1,241.35
2688.00,2036,-0.84,266.00,615.10,216.00,1,236.48
2689.00,2001,1.81,306.00,617.75,255.00,1,273.13
2690.00,2008,-0.52,301.00,596.93,248.00,1,265.29
2690.00,2057,4.17,238.00,615.10,187.00,1,205.58
2691.00,2012,1.72,295.00,596.93,244.00,1,264.37
2692.00,2037,0.97,267.00,615.10,216.00,1,233.33
2692.00,2056,2.36,243.00,615.10,186.00,1,211.58
2693.00,2014,2.34,294.00,596.93,242.00,1,263.40
2693.00,2082,-0.58,216.00,615.10,165.00,1,183.67
2694.00,2092,-0.48,205.00,615.10,154.00,1,174.28
2696.00,2048,-0.12,259.00,617.75,205.00,1,222.13
2696.00,2095,-0.05,203.00,615.10,151.00,1,170.72
2697.00,2049,1.69,257.00,596.93,202.00,1,222.49
2697.00,2096,1.76,201.00,615.10,149.00,1,174.94
2698.00,2054,0.74,253.00,617.75,198.00,1,223.01
2699.00,2071,1.51,233.00,617.75,180.00,1,201.43
2699.00,2097,3.57,200.00,615.10,146.00,2,172.33
2699.00,2160,-0.40,129.00,615.10,82.00,1,103.02
2700.00,2050,3.50,257.00,596.93,201.00,1,220.95
2700.00,2137,-0.03,157.00,615.10,109.00,1,126.09
2701.00,2077,-0.63,230.00,617.75,175.00,1,198.19
2703.00,2070,-0.30,240.00,596.93,182.00,1,203.89
2703.00,2173,-0.87,118.00,615.10,69.00,1,87.77
2704.00,2188,-0.72,101.00,615.10,52.00,1,72.52
2705.00,2083,1.23,225.00,596.93,168.00,1,190.84
2706.00,2079,-0.01,232.00,617.75,174.00,1,194.62
2706.00,2200,0.00,88.00,615.10,41.00,1,58.11
2707.00,2089,-0.91,222.00,617.75,165.00,1,189.20
2707.00,2117,-0.23,188.00,596.93,130.00,1,158.34
2709.00,2099,5.19,206.00,617.75,147.00,1,176.32
2710.00,2124,-0.56,183.00,596.93,123.00,1,148.66
2710.00,2209,-0.71,82.00,615.10,31.00,1,47.58
2711.00,2101,4.81,206.00,617.75,146.00,1,175.71
2711.00,2126,0.06,181.00,596.93,121.00,1,150.98
2711.00,2212,-0.28,79.00,615.10,28.00,1,51.29
2713.00,2225,-0.75,66.00,615.10,16.00,1,33.73
2714.00,2112,-0.28,201.00,617.75,142.00,1,170.78
2714.00,2226,1.06,64.00,615.10,11.00,1,32.59
2715.00,2129,1.49,180.00,596.93,118.00,1,145.81
2716.00,2150,-0.50,158.00,596.93,97.00,1,129.44
2716.00,2244,3.64,42.00,615.10,0.00,0,11.24
2717.00,2118,1.58,195.00,617.75,135.00,1,164.33
2718.00,2240,2.40,50.00,615.10,0.00,0,19.64
2719.00,2168,-0.92,140.00,596.93,77.00,1,107.55
2720.00,2127,1.87,187.00,617.75,124.00,1,152.78
2721.00,2248,1.88,44.00,615.10,0.00,0,15.58
2722.00,2250,2.50,42.00,615.10,0.00,0,7.17
2724.00,2229,0.49,71.00,596.93,7.00,1,41.09
2725.00,2257,-0.83,40.00,615.10,0.00,0,7.17
2726.00,2135,-0.65,186.00,617.75,121.00,1,145.94
2727.00,2145,-0.55,175.00,617.75,110.00,1,139.11
2728.00,2216,-0.04,91.00,596.93,20.00,1,46.21
2728.00,2238,-0.22,65.00,596.93,0.00,0,35.16
2729.00,2147,-0.93,175.00,617.75,109.00,1,144.01
2730.00,2242,3.02,59.00,596.93,0.00,0,28.60
2733.00,2159,-0.21,164.00,617.75,97.00,1,131.99
2733.00,2261,-0.59,43.00,596.93,0.00,0,9.56
2734.00,2186,-0.34,133.00,617.75,59.00,1,93.02
2736.00,2153,-0.07,174.00,617.75,109.00,1,145.53
2737.00,2201,1.81,116.00,617.75,44.00,3,88.48
2737.00,2266,-0.54,41.00,596.93,0.00,0,9.81
2739.00,2202,2.62,116.00,617.75,40.00,2,85.00
2743.00,2239,1.59,77.00,617.75,0.00,0,44.18
2750.00,2276,-0.44,42.00,617.75,0.00,0,7.82
2753.00,2280,-0.20,40.00,617.75,0.00,0,7.91
2757.00,2281,1.61,41.00,617.75,0.00,0,8.67
2760.00,2282,3.42,41.00,617.75,0.00,0,9.90
2763.00,2283,5.23,41.00,596.93,0.00,0,9.96
2768.00,2286,4.66,43.00,596.93,0.00,0,8.57
2770.00,2293,2.33,39.00,615.10,0.00,0,5.59
2772.00,2289,4.09,44.00,617.75,0.00,0,7.74
2774.00,2302,-0.38,35.00,615.10,0.00,0,5.79
2783.00,2064,-0.16,327.00,596.93,281.00,1,293.81
2783.00,2081,1.61,305.00,615.10,260.00,1,273.95
2786.00,2067,-0.73,327.00,617.75,282.00,1,295.26
2786.00,2068,1.08,324.00,596.93,278.00,1,288.94
2786.00,2111,-0.09,274.00,615.10,224.00,1,243.88
2787.00,2062,-0.78,334.00,617.75,284.00,1,294.06
2788.00,2104,-0.76,285.00,615.10,233.00,1,245.75
2789.00,2080,-0.20,314.00,617.75,267.00,1,282.64
2789.00,2090,5.90,296.00,596.93,248.00,1,261.06
2790.00,2085,-0.15,309.00,617.75,262.00,1,279.54
2790.00,2130,-0.70,256.00,615.10,204.00,1,227.12
2791.00,2109,-0.71,282.00,596.93,235.00,1,250.59
2791.00,2146,-0.74,238.00,605.00,188.00,1,208.60
2792.00,2086,1.66,308.00,617.75,259.00,1,276.64
2793.00,2115,-0.85,277.00,596.93,226.00,1,245.35
2793.00,2154,-0.26,230.00,615.10,180.00,1,201.19
2794.00,2189,-0.91,190.00,615.10,139.00,1,159.81
2796.00,2199,-0.81,180.00,615.10,131.00,1,152.06
2797.00,2141,0.21,249.00,596.93,196.00,1,215.32
2797.00,2205,-0.95,174.00,615.10,125.00,1,143.80
2798.00,2149,-0.31,241.00,596.93,189.00,1,215.11
2799.00,2087,3.47,312.00,617.75,257.00,1,273.41
2799.00,2207,-0.33,173.00,615.10,124.00,1,140.23
2800.00,2088,5.28,310.00,617.75,255.00,1,277.05
2801.00,2210,-0.90,172.00,615.10,124.00,1,140.68
2802.00,2158,-0.02,234.00,596.93,179.00,1,199.24
2803.00,2224,0.44,156.00,615.10,107.00,1,123.19
2804.00,2093,5.33,308.00,617.75,250.00,1,267.62
2804.00,2235,-0.65,145.00,615.10,95.00,1,115.99
2805.00,2119,-0.61,284.00,617.75,227.00,1,248.59
2805.00,2172,-0.68,221.00,596.93,166.00,1,186.60
2807.00,2120,1.20,283.00,617.75,228.00,1,247.53
2807.00,2180,-0.20,213.00,596.93,155.00,1,180.32
2809.00,2262,-0.78,118.00,615.10,65.00,1,80.54
2810.00,2138,-0.22,266.00,617.75,210.00,1,230.71
2810.00,2272,-0.68,107.00,615.10,56.00,1,77.83
2811.00,2292,-0.48,84.00,605.00,33.00,1,57.00
2812.00,2213,-0.47,179.00,596.93,119.00,1,141.79
2813.00,2299,-0.81,78.00,615.10,27.00,1,47.15
2814.00,2151,0.31,254.00,617.75,196.00,1,224.15
2815.00,2220,-0.80,174.00,596.93,113.00,1,137.29
2815.00,2303,-0.57,75.00,615.10,23.00,1,39.83
2816.00,2139,0.59,270.00,617.75,207.00,1,228.28
2817.00,2231,-0.89,163.00,596.93,100.00,1,129.13
2818.00,2157,-0.83,252.00,617.75,191.00,1,219.49
2818.00,2236,1.16,156.00,596.93,95.00,1,125.98
2819.00,2165,-0.35,243.00,617.75,183.00,1,211.91
2821.00,2194,-0.86,211.00,617.75,151.00,1,177.89
2821.00,2253,-0.07,140.00,596.93,76.00,1,105.94
2822.00,2195,-0.05,210.00,617.75,150.00,1,181.22
2824.00,2254,1.74,140.00,596.93,75.00,1,105.34
2826.00,2263,1.03,132.00,596.93,68.00,1,100.59
2826.00,2341,0.21,40.00,615.10,0.00,0,7.39
2827.00,2198,-0.62,212.00,617.75,148.00,1,175.78
2829.00,2219,-0.61,189.00,617.75,125.00,1,152.54
2831.00,2222,-0.18,187.00,617.75,122.00,1,155.24
2831.00,2274,-0.06,125.00,596.93,55.00,1,88.43
2832.00,2347,1.07,38.00,615.10,0.00,0,8.33
2833.00,2223,-0.37,188.00,617.75,120.00,1,154.73
2833.00,2279,-0.01,121.00,596.93,53.00,1,87.46
2835.00,2290,-0.10,110.00,617.75,54.00,1,78.79
2836.00,2321,-0.99,75.00,596.93,6.00,1,39.64
2837.00,2326,-0.94,70.00,596.93,0.00,0,35.92
2839.00,2338,-0.22,57.00,596.93,0.00,0,29.55
2842.00,2228,-0.32,191.00,617.75,118.00,1,151.67
2843.00,2245,-0.55,172.00,617.75,101.00,1,136.05
2843.00,2346,-0.74,52.00,596.93,0.00,0,18.33
2845.00,2247,-0.93,172.00,617.75,98.00,1,141.67
2848.00,2265,1.65,151.00,617.75,76.00,1,113.09
2851.00,2269,-0.11,151.00,617.75,76.00,1,112.70
2852.00,2288,-0.72,130.00,617.75,56.00,1,101.18
2856.00,2005,-0.95,471.00,596.93,384.00,2,439.41
2858.00,2140,-0.60,312.00,615.10,265.00,1,277.66
2859.00,1943,10.83,536.00,596.93,450.00,5,504.53
2860.00,2148,-0.12,304.00,617.75,256.00,1,269.51
2860.00,2167,-0.73,282.00,615.10,232.00,1,248.63
2861.00,2132,-0.08,324.00,615.10,272.00,1,285.04
2863.00,2164,-0.16,288.00,617.75,239.00,1,251.59
2864.00,1962,8.22,521.00,596.93,430.00,3,484.70
2865.00,2170,-0.30,283.00,617.75,235.00,1,250.05
2865.00,2179,0.99,271.00,615.10,220.00,1,229.94
2865.00,2181,0.61,269.00,615.10,216.00,1,238.77
2866.00,2178,-0.82,275.00,617.75,227.00,1,242.97
2867.00,2035,-0.65,446.00,596.93,349.00,3,409.69
2867.00,2183,2.23,267.00,615.10,212.00,1,234.66
2867.00,2190,-0.10,261.00,615.10,213.00,1,229.32
2868.00,2047,-0.93,433.00,596.93,335.00,4,404.05
2868.00,2191,1.71,259.00,615.10,205.00,1,226.43
2869.00,2197,3.57,251.00,615.10,201.00,2,222.59
2871.00,2075,-0.25,402.00,596.93,298.00,2,367.04
2872.00,2192,3.52,260.00,617.75,207.00,1,223.83
2872.00,2214,-0.66,238.00,615.10,187.00,1,201.59
2877.00,2217,-0.23,239.00,596.93,193.00,1,206.12
2877.00,2221,1.01,233.00,615.10,187.00,1,201.29
2880.00,2234,1.54,220.00,617.75,173.00,1,187.99
2881.00,2218,1.58,240.00,617.75,188.00,1,200.15
2881.00,2233,-0.27,224.00,596.93,175.00,1,188.53
2881.00,2243,-0.17,212.00,615.10,160.00,1,175.94
2883.00,2237,0.97,220.00,617.75,172.00,1,191.25
2883.00,2264,-0.16,189.00,615.10,140.00,1,158.60
2884.00,2241,-0.79,218.00,596.93,167.00,1,181.29
2884.00,2300,0.00,147.00,615.10,96.00,1,116.53
2885.00,2252,-0.88,206.00,617.75,158.00,1,173.23
2887.00,2255,-0.45,204.00,596.93,151.00,1,166.51
2890.00,2316,-0.04,134.00,615.10,90.00,1,102.82
2892.00,2319,-0.61,133.00,615.10,86.00,1,98.01
2892.00,2320,1.20,130.00,615.10,82.00,1,95.11
2894.00,2336,2.16,112.00,615.10,61.00,1,80.36
2896.00,2324,-0.56,131.00,617.75,80.00,1,92.84
2896.00,2329,1.49,123.00,596.93,71.00,1,85.31
2896.00,2337,3.97,111.00,615.10,58.00,1,77.43
2897.00,2328,-0.32,127.00,617.75,78.00,1,93.49
2897.00,2333,-0.27,121.00,596.93,70.00,1,91.05
2897.00,2350,0.50,100.00,615.10,51.00,1,65.33
2898.00,2345,3.45,104.00,615.10,57.00,1,74.72
2899.00,2335,0.35,120.00,617.75,72.00,1,85.56
2899.00,2340,3.40,111.00,596.93,63.00,1,82.54
2900.00,2344,1.64,109.00,596.93,61.00,1,81.72
2901.00,2352,1.12,101.00,617.75,54.00,1,73.20
2901.00,2355,0.55,98.00,615.10,46.00,1,60.66
2902.00,2359,1.79,93.00,615.10,43.00,1,63.95
2902.00,2364,-0.16,89.00,596.93,39.00,1,59.69
2904.00,2357,1.17,98.00,617.75,50.00,1,69.58
2904.00,2368,1.08,85.00,615.10,31.00,1,49.64
2905.00,2366,0.46,89.00,596.93,37.00,1,57.40
2905.00,2370,4.70,80.00,615.10,28.00,2,52.34
2907.00,2379,2.99,73.00,615.10,21.00,1,44.34
2908.00,2374,2.94,80.00,596.93,28.00,1,48.19
2909.00,2394,-0.86,61.00,596.93,11.00,1,31.58
2909.00,2402,-0.38,51.00,615.10,1.00,1,15.15
2910.00,2369,2.89,88.00,617.75,32.00,1,49.79
2911.00,2378,1.18,80.00,617.75,26.00,1,51.55
2913.00,2388,-0.72,72.00,617.75,18.00,1,39.48
2915.00,2405,-0.95,54.00,617.75,0.00,0,21.41
2916.00,2410,-0.90,49.00,617.75,0.00,0,19.75
2919.00,2413,1.53,46.00,596.93,0.00,0,9.23
2924.00,2395,2.95,71.00,615.10,24.00,1,36.40
2925.00,2390,-0.10,81.00,615.10,33.00,1,45.06
2925.00,2397,6.57,66.00,596.93,21.00,1,35.11
2926.00,2309,-0.71,179.00,617.75,103.00,2,141.52
2926.00,2400,6.00,64.00,596.93,20.00,1,38.62
2926.00,2423,0.63,42.00,615.10,0.00,0,9.37
2927.00,2418,3.58,46.00,615.10,0.00,0,14.68
2928.00,2310,-0.90,180.00,617.75,100.00,2,146.15
2928.00,2406,4.86,60.00,596.93,15.00,1,31.32
2929.00,2331,-0.89,156.00,617.75,77.00,2,122.05
2929.00,2427,-0.13,41.00,615.10,0.00,0,10.85
2932.00,2339,1.59,147.00,617.75,67.00,2,112.71
2932.00,2409,6.29,59.00,596.93,11.00,1,27.50
2934.00,2354,-0.26,133.00,617.75,65.00,1,100.81
2940.00,2102,-0.38,439.00,596.93,337.00,2,404.77
2940.00,2204,-0.76,318.00,615.10,262.00,2,287.67
2941.00,2108,0.48,432.00,596.93,337.00,2,403.47
2941.00,2206,-0.14,316.00,617.75,261.00,2,285.61
2941.00,2230,-0.70,288.00,615.10,229.00,2,255.30
2943.00,2121,-0.99,420.00,596.93,336.00,2,390.91
2944.00,2271,-0.49,242.00,615.10,183.00,2,211.29
2945.00,2211,-0.09,314.00,617.75,255.00,2,279.94
2946.00,2268,-0.92,248.00,615.10,187.00,2,206.55
2947.00,2128,-0.32,415.00,596.93,335.00,2,383.46
2947.00,2215,1.15,310.00,617.75,252.00,2,279.64
2947.00,2278,2.18,234.00,615.10,171.00,2,199.26
2948.00,2133,1.73,408.00,596.93,335.00,2,382.92
2949.00,2296,-0.24,217.00,615.10,154.00,2,187.23
2951.00,2134,3.54,408.00,596.93,333.00,2,376.17
2951.00,2232,-0.08,295.00,617.75,232.00,2,262.35
2951.00,2307,-0.33,206.00,615.10,144.00,2,175.16
2952.00,2246,-0.74,280.00,617.75,217.00,2,247.42
2952.00,2311,-0.09,202.00,615.10,140.00,2,167.59
2953.00,2142,0.02,404.00,596.93,331.00,2,374.27
2954.00,2322,-0.18,191.00,615.10,129.00,2,157.01
2956.00,2343,-0.17,168.00,615.10,106.00,2,131.54
2957.00,2143,1.83,405.00,596.93,331.00,2,370.74
2957.00,2249,-0.31,281.00,617.75,213.00,2,247.16
2957.00,2360,-0.40,149.00,615.10,85.00,2,121.38
2957.00,2362,0.22,146.00,615.10,83.00,2,115.93
2960.00,2372,-0.68,138.00,615.10,74.00,2,104.05
2961.00,2373,1.13,136.00,615.10,70.00,2,108.64
2962.00,2152,-0.88,402.00,596.93,330.00,2,363.63
2962.00,2251,-0.69,284.00,617.75,211.00,2,244.36
2963.00,2260,-0.40,274.00,617.75,204.00,2,240.05
2963.00,2375,1.75,135.00,615.10,70.00,2,107.23
2964.00,2155,-0.45,400.00,596.93,330.00,2,365.11
2965.00,2270,-0.30,264.00,617.75,193.00,2,238.12
2965.00,2382,0.42,130.00,615.10,65.00,2,97.72
2966.00,2387,1.47,124.00,615.10,57.00,2,96.00
2967.00,2162,-0.78,395.00,596.93,322.00,2,359.06
2968.00,2174,-0.06,381.00,596.93,309.00,2,348.73
2968.00,2392,-0.48,122.00,615.10,56.00,2,92.44
2969.00,2291,-0.29,243.00,617.75,171.00,2,203.13
2969.00,2399,-0.81,115.00,615.10,54.00,1,85.09
2970.00,2196,1.76,355.00,596.93,280.00,2,323.50
2970.00,2294,-0.86,241.00,617.75,171.00,2,209.48
2972.00,2301,-0.19,234.00,617.75,162.00,2,201.96
2973.00,2304,-0.76,232.00,617.75,159.00,2,200.76
2974.00,2419,-0.61,96.00,615.10,45.00,1,62.90
2975.00,2227,-0.13,325.00,586.83,247.00,2,288.70
2975.00,2448,1.88,60.00,615.10,13.00,1,31.16
2977.00,2256,-0.64,293.00,596.93,215.00,2,261.67
2978.00,2315,-0.85,224.00,617.75,145.00,2,187.73
2979.00,2275,-0.25,272.00,596.93,194.00,2,244.30
2980.00,2342,-0.98,194.00,617.75,117.00,3,160.18
2981.00,2349,-0.31,186.00,617.75,108.00,3,152.89
2983.00,2381,0.61,149.00,617.75,71.00,3,116.71
2984.00,2277,0.37,274.00,596.93,192.00,2,235.63
2985.00,2284,-0.96,268.00,596.93,188.00,3,238.23
2989.00,2258,-0.02,302.00,617.75,250.00,2,271.84
2990.00,2259,1.79,300.00,596.93,247.00,2,266.55
2991.00,2312,-0.28,240.00,615.10,185.00,2,206.51
2992.00,2267,-0.73,295.00,596.93,240.00,2,262.27
2992.00,2308,1.48,244.00,615.10,183.00,2,212.58
2993.00,2285,-0.15,274.00,617.75,221.00,2,242.73
2995.00,2287,0.47,273.00,617.75,218.00,2,244.17
2996.00,2313,1.53,242.00,615.10,180.00,2,205.16
2998.00,2273,-0.87,294.00,596.93,235.00,2,256.21
2999.00,2426,0.06,112.00,596.93,69.00,1,82.81
3001.00,2412,-0.28,131.00,617.75,79.00,1,99.22
3001.00,2421,-0.99,121.00,615.10,78.00,1,89.89
3003.00,2424,-0.56,119.00,615.10,74.00,1,87.85
3003.00,2470,-0.30,64.00,615.10,14.00,1,31.64
3005.00,2450,1.50,88.00,596.93,38.00,1,51.68
3006.00,2453,3.93,83.00,596.93,36.00,1,51.48
3007.00,2472,0.32,65.00,615.10,10.00,1,28.42
3008.00,2428,0.68,118.00,617.75,69.00,1,81.50
3009.00,2481,-0.39,57.00,615.10,6.00,1,21.26
3009.00,2486,-0.34,51.00,615.10,1.00,1,16.59
3010.00,2438,-0.22,109.00,617.75,59.00,1,73.32
3010.00,2493,-0.67,44.00,615.10,0.00,0,12.93
3012.00,2439,1.59,108.00,617.75,58.00,1,74.17
3012.00,2494,1.14,43.00,596.93,0.00,0,10.47
3014.00,2501,-0.19,38.00,615.10,0.00,0,7.84
3015.00,2449,-0.31,101.00,617.75,47.00,1,64.90
3018.00,2452,2.12,98.00,607.65,43.00,1,61.22
3018.00,2503,0.43,39.00,596.93,0.00,0,9.59
3020.00,2483,0.23,65.00,617.75,11.00,1,33.79
3023.00,2490,-0.10,60.00,607.65,7.00,1,24.67
3024.00,2491,-0.29,60.00,617.75,5.00,1,27.92
3026.00,2495,2.95,54.00,617.75,0.00,0,23.44
3027.00,2496,3.76,53.00,617.75,0.00,0,23.55
3027.00,2512,-0.28,38.00,615.10,0.00,0,5.09
3029.00,2514,0.34,37.00,615.10,0.00,0,7.56
3034.00,2516,0.96,39.00,617.75,0.00,0,9.46
3039.00,2518,1.58,41.00,596.93,0.00,0,9.03
3042.00,2523,-0.37,40.00,617.75,0.00,0,7.97
3050.00,2526,-0.94,45.00,596.93,0.00,0,7.52
3055.00,2535,-0.65,39.00,596.93,0.00,0,9.47
3076.00,2429,0.49,185.00,596.93,137.00,1,148.60
3076.00,2432,2.92,179.00,615.10,132.00,1,144.93
3077.00,2358,-0.02,271.00,617.75,198.00,2,234.42
3078.00,2437,-0.03,178.00,615.10,131.00,1,145.99
3079.00,2391,1.71,232.00,617.75,172.00,2,197.01
3079.00,2442,1.02,172.00,596.93,123.00,1,136.29
3081.00,2393,2.33,231.00,617.75,170.00,2,197.38
3081.00,2441,-0.79,177.00,615.10,128.00,1,146.60
3081.00,2457,2.17,155.00,615.10,102.00,1,119.42
3082.00,2507,-0.33,99.00,615.10,47.00,1,66.35
3083.00,2396,4.76,227.00,617.75,165.00,2,192.69
3084.00,2454,-0.26,164.00,596.93,115.00,1,128.79
3084.00,2520,-0.80,86.00,615.10,36.00,1,50.72
3086.00,2458,3.98,157.00,596.93,107.00,1,125.56
3086.00,2532,-0.08,73.00,615.10,24.00,1,41.98
3087.00,2401,7.81,222.00,617.75,155.00,2,185.95
3087.00,2541,1.21,62.00,615.10,11.00,1,28.96
3089.00,2407,6.67,218.00,617.75,153.00,2,189.81
3089.00,2543,3.83,59.00,615.10,10.00,1,29.06
3090.00,2411,6.91,214.00,617.75,148.00,2,184.26
3090.00,2548,3.88,54.00,615.10,6.00,1,28.82
3092.00,2417,1.77,214.00,617.75,148.00,2,183.89
3092.00,2471,-0.49,152.00,596.93,95.00,1,112.63
3092.00,2473,0.13,149.00,596.93,93.00,1,118.78
3092.00,2559,-0.21,47.00,615.10,0.00,0,17.65
3093.00,2561,0.41,45.00,615.10,0.00,0,15.50
3094.00,2478,-0.82,146.00,596.93,91.00,1,115.01
3095.00,2431,1.11,201.00,617.75,131.00,1,166.33
3095.00,2566,1.46,40.00,615.10,0.00,0,10.52
3097.00,2456,0.36,174.00,617.75,120.00,1,143.09
3097.00,2480,-0.20,146.00,596.93,90.00,1,113.52
3097.00,2567,3.27,39.00,615.10,0.00,0,7.22
3100.00,2459,5.79,168.00,617.75,112.00,1,134.59
3100.00,2505,-0.95,120.00,596.93,63.00,1,87.18
3101.00,2524,-0.56,98.00,596.93,40.00,1,67.91
3102.00,2460,7.60,167.00,617.75,111.00,1,135.02
3104.00,2527,-0.13,97.00,596.93,38.00,1,65.14
3105.00,2576,-0.44,40.00,615.10,0.00,0,6.80
3108.00,2465,3.65,171.00,617.75,108.00,1,131.23
3108.00,2533,1.73,92.00,596.93,29.00,1,56.67
3109.00,2482,0.42,155.00,617.75,95.00,1,125.32
3110.00,2538,1.78,88.00,596.93,26.00,1,54.35
3111.00,2508,1.48,125.00,617.75,63.00,1,93.48
3111.00,2584,-0.96,37.00,615.10,0.00,0,7.67
3113.00,2545,4.45,80.00,596.93,16.00,1,45.34
3115.00,2565,-0.35,63.00,596.93,0.00,0,30.46
3115.00,2587,1.47,35.00,615.10,0.00,0,5.46
3116.00,2510,1.10,128.00,617.75,62.00,1,90.09
3118.00,2534,3.54,99.00,617.75,35.00,1,64.32
3119.00,2542,3.02,91.00,617.75,28.00,1,60.50
3121.00,2585,0.85,44.00,617.75,0.00,0,11.75
3123.00,2404,-0.76,263.00,596.93,191.00,3,234.46
3124.00,2414,-0.66,252.00,615.10,187.00,2,221.26
3125.00,2398,-0.62,272.00,617.75,192.00,2,239.26
3126.00,2485,-0.15,169.00,615.10,120.00,1,139.30
3128.00,2298,0.38,393.00,596.93,304.00,4,358.18
3129.00,2487,0.47,169.00,615.10,115.00,1,135.58
3130.00,2467,-0.73,195.00,617.75,135.00,1,164.23
3131.00,2365,-0.35,317.00,596.93,235.00,3,282.94
3131.00,2488,2.28,168.00,615.10,116.00,2,139.36
3132.00,2498,-0.62,160.00,615.10,110.00,1,131.34
3133.00,2317,-0.23,376.00,596.93,287.00,4,342.50
3133.00,2451,1.31,215.00,617.75,142.00,2,170.65
3134.00,2468,0.08,197.00,617.75,134.00,1,165.89
3134.00,2506,-0.14,152.00,615.10,102.00,1,124.63
3136.00,2475,-0.25,191.00,617.75,133.00,1,158.95
3137.00,2332,-0.08,362.00,596.93,267.00,3,325.04
3138.00,2536,-0.84,121.00,615.10,71.00,1,83.54
3139.00,2376,3.56,308.00,596.93,214.00,3,281.31
3139.00,2551,-0.69,104.00,605.00,52.00,1,73.71
3140.00,2334,0.54,362.00,596.93,272.00,3,331.71
3140.00,2479,-0.01,190.00,617.75,133.00,1,153.11
3141.00,2586,-0.34,64.00,615.10,10.00,2,31.81
3141.00,2588,0.28,61.00,615.10,10.00,1,25.21
3142.00,2386,-0.34,303.00,596.93,211.00,5,272.45
3142.00,2499,1.19,167.00,617.75,113.00,1,135.13
3143.00,2601,0.81,47.00,615.10,0.00,0,14.14
3144.00,2509,-0.71,159.00,617.75,106.00,1,124.94
3145.00,2422,-0.18,263.00,596.93,180.00,3,231.13
3148.00,2445,-0.55,239.00,596.93,153.00,2,207.37
3148.00,2519,-0.61,151.00,617.75,94.00,1,116.19
3149.00,2608,-0.52,46.00,615.10,0.00,0,12.13
3150.00,2529,-0.51,141.00,617.75,83.00,1,105.69
3151.00,2447,0.07,239.00,596.93,152.00,2,205.88
3151.00,2560,0.60,104.00,617.75,48.00,1,73.62
3152.00,2455,-0.45,231.00,596.93,146.00,2,203.08
3154.00,2489,4.09,188.00,596.93,132.00,1,158.33
3154.00,2569,-0.11,97.00,617.75,41.00,1,63.40
3154.00,2610,0.10,48.00,615.10,0.00,0,17.11
3157.00,2600,0.00,63.00,617.75,3.00,1,30.42
3159.00,2531,0.11,147.00,596.93,89.00,1,119.57
3162.00,2511,-0.09,174.00,596.93,110.00,1,133.54
3163.00,2537,-0.03,144.00,596.93,83.00,1,116.74
3166.00,2539,0.59,144.00,596.93,83.00,2,111.18
3168.00,2556,-0.64,127.00,596.93,65.00,1,95.25
3169.00,2557,1.17,125.00,596.93,63.00,1,99.67
3173.00,2574,-0.06,110.00,596.93,47.00,1,77.83
3173.00,2627,-0.13,47.00,617.75,0.00,0,6.46
3178.00,2581,-0.39,107.00,596.93,38.00,1,70.49
3179.00,2602,2.62,80.00,596.93,13.00,1,48.36
3183.00,2611,1.91,74.00,596.93,6.00,1,37.88
3183.00,2644,-0.36,37.00,615.10,0.00,0,5.74
3184.00,2613,2.53,72.00,596.93,5.00,1,40.43
3186.00,2618,-0.42,71.00,596.93,2.00,1,44.05
3188.00,2625,-0.75,65.00,596.93,0.00,0,33.21
3190.00,2638,-0.22,51.00,596.93,0.00,0,22.48
3192.00,2649,-0.31,40.00,615.10,0.00,0,5.58
3199.00,2655,-0.45,40.00,617.75,0.00,0,7.62
3204.00,2661,-0.59,38.00,615.10,0.00,0,6.21
3211.00,2662,1.22,42.00,596.93,0.00,0,8.70
3215.00,2666,2.46,40.00,617.75,0.00,0,7.78
3219.00,2665,0.65,47.00,596.93,0.00,0,9.09
3223.00,2318,1.58,463.00,596.93,405.00,3,435.60
3226.00,2314,3.34,469.00,615.10,404.00,3,439.89
3227.00,2327,-0.13,458.00,615.10,392.00,4,428.38
3229.00,2297,0.57,495.00,617.75,430.00,3,463.04
3229.00,2325,-0.75,463.00,615.10,399.00,3,429.37
3230.00,2351,-0.69,433.00,596.93,367.00,3,400.84
3231.00,2330,-0.70,459.00,615.10,391.00,3,426.84
3232.00,2295,-0.05,501.00,617.75,430.00,3,457.09
3232.00,2348,-0.12,438.00,615.10,367.00,3,406.23
3234.00,2305,-0.95,492.00,617.75,422.00,3,454.14
3234.00,2363,0.03,422.00,615.10,352.00,3,393.35
3235.00,2356,-0.64,432.00,615.10,361.00,3,392.74
3236.00,2306,0.86,491.00,617.75,420.00,3,459.38
3236.00,2361,-0.59,427.00,615.10,355.00,4,394.64
3236.00,2377,-0.63,408.00,596.93,340.00,3,376.21
3237.00,2323,-0.37,473.00,617.75,404.00,3,441.04
3237.00,2367,-0.73,421.00,615.10,346.00,3,388.90
3238.00,2380,-0.20,406.00,596.93,334.00,3,376.15
3238.00,2389,0.09,395.00,615.10,323.00,3,360.80
3239.00,2353,-0.07,439.00,617.75,368.00,3,408.12
3239.00,2384,1.04,401.00,615.10,329.00,4,367.46
3241.00,2408,-0.52,376.00,615.10,312.00,2,341.72
3243.00,2383,-0.77,408.00,596.93,331.00,3,373.02
3243.00,2433,-0.27,348.00,605.00,289.00,2,318.31
3244.00,2461,-0.59,316.00,615.10,257.00,2,287.88
3245.00,2371,-0.49,424.00,617.75,349.00,3,387.18
3245.00,2425,-0.75,360.00,596.93,296.00,2,332.48
3246.00,2385,2.85,405.00,617.75,327.00,4,373.60
3246.00,2463,3.03,312.00,615.10,253.00,2,282.37
3247.00,2466,5.46,307.00,615.10,245.00,2,278.30
3248.00,2434,-0.46,352.00,596.93,285.00,2,317.57
3249.00,2403,-0.57,390.00,617.75,316.00,2,354.12
3249.00,2474,1.94,303.00,615.10,242.00,2,274.92
3250.00,2415,-0.85,377.00,617.75,310.00,2,344.50
3251.00,2484,-0.96,296.00,615.10,237.00,2,264.75
3252.00,2440,-0.60,349.00,596.93,278.00,2,312.21
3253.00,2416,0.96,377.00,617.75,308.00,2,343.94
3253.00,2497,-0.43,282.00,615.10,221.00,2,251.31
3254.00,2446,0.26,343.00,596.93,273.00,2,307.71
3254.00,2500,0.00,279.00,615.10,220.00,1,248.64
3256.00,2420,-0.80,377.00,617.75,307.00,2,340.87
3256.00,2462,1.22,325.00,596.93,252.00,2,290.48
3256.00,2522,-0.18,255.00,615.10,206.00,1,226.38
3258.00,2464,4.84,321.00,596.93,250.00,2,289.18
3259.00,2430,-0.70,368.00,617.75,294.00,2,330.30
3259.00,2528,-0.32,251.00,615.10,201.00,1,218.57
3260.00,2435,1.35,361.00,617.75,288.00,2,331.15
3260.00,2575,-0.25,196.00,615.10,146.00,1,167.56
3262.00,2436,2.16,361.00,617.75,287.00,2,328.58
3262.00,2469,4.89,319.00,596.93,244.00,2,283.50
3262.00,2628,-0.32,135.00,615.10,84.00,1,104.64
3264.00,2476,2.56,315.00,596.93,241.00,2,284.39
3265.00,2477,4.37,313.00,596.93,238.00,2,286.02
3265.00,2640,1.40,122.00,615.10,69.00,1,86.78
3266.00,2443,-0.17,359.00,617.75,283.00,2,323.69
3267.00,2444,0.64,358.00,617.75,281.00,2,327.98
3267.00,2648,3.88,112.00,615.10,60.00,1,81.82
3268.00,2650,4.50,110.00,615.10,58.00,1,76.75
3269.00,2492,-0.48,304.00,596.93,225.00,3,268.56
3269.00,2502,0.62,291.00,617.75,217.00,1,263.32
3270.00,2657,0.17,108.00,615.10,55.00,1,81.28
3271.00,2504,0.24,291.00,596.93,216.00,2,264.33
3271.00,2517,0.77,275.00,615.10,211.00,1,241.40
3272.00,2513,-0.47,282.00,596.93,215.00,2,255.10
3272.00,2684,-0.96,79.00,615.10,26.00,1,51.26
3276.00,2515,0.15,283.00,596.93,215.00,2,250.35
3276.00,2521,-0.99,277.00,617.75,210.00,1,239.10
3278.00,2525,-0.75,274.00,617.75,207.00,1,238.55
3278.00,2530,0.30,267.00,596.93,202.00,1,234.03
3281.00,2540,-0.60,259.00,596.93,190.00,1,226.22
3281.00,2544,-0.36,254.00,617.75,185.00,1,216.04
3282.00,2546,-0.74,253.00,617.75,185.00,1,218.89
3284.00,2691,-0.29,82.00,617.75,23.00,1,48.85
3286.00,2547,0.07,255.00,617.75,184.00,1,220.73
3286.00,2572,-0.68,226.00,596.93,157.00,1,194.16
3287.00,2698,-0.62,77.00,617.75,19.00,2,47.48
3288.00,2555,-0.45,248.00,596.93,174.00,1,207.80
3289.00,2578,0.18,221.00,596.93,150.00,1,192.17
3291.00,2706,3.86,67.00,615.10,7.00,1,32.60
3292.00,2550,-0.50,258.00,617.75,183.00,1,221.34
3293.00,2553,-0.07,255.00,617.75,181.00,1,229.10
3293.00,2680,-0.20,104.00,596.93,37.00,2,69.39
3293.00,2710,1.10,67.00,615.10,6.00,1,37.83
3294.00,2589,-0.91,214.00,596.93,141.00,1,180.96
3294.00,2721,-0.99,57.00,605.00,4.00,1,25.76
3296.00,2570,-0.30,238.00,617.75,162.00,1,202.46
3296.00,2609,-0.71,192.00,596.93,117.00,1,163.08
3297.00,2732,3.92,42.00,615.10,0.00,0,9.37
3298.00,2621,-0.99,180.00,596.93,106.00,1,150.38
3301.00,2664,-0.16,131.00,617.75,65.00,2,91.89
3301.00,2713,29.53,43.00,605.00,0.00,0,6.45
3302.00,2624,-0.56,180.00,596.93,104.00,1,146.35
3302.00,2687,-0.53,105.00,617.75,27.00,2,73.03
3303.00,2639,-0.41,163.00,596.93,86.00,1,132.98
3304.00,2688,-0.72,106.00,617.75,24.00,1,73.14
3305.00,2742,-0.98,43.00,615.10,0.00,0,6.87
3306.00,2641,3.21,160.00,596.93,81.00,1,129.28
3307.00,2573,1.13,244.00,617.75,163.00,3,205.60
3308.00,2647,2.07,156.00,596.93,72.00,2,126.92
3309.00,2577,0.37,242.00,617.75,161.00,2,207.64
3309.00,2645,1.45,160.00,596.93,80.00,1,133.16
3311.00,2590,0.90,228.00,617.75,144.00,2,192.23
3312.00,2593,-0.67,227.00,617.75,143.00,2,192.59
3316.00,2549,-0.31,283.00,617.75,242.00,1,256.00
3317.00,2554,-0.26,278.00,596.93,234.00,1,247.83
3318.00,2552,-0.88,282.00,617.75,239.00,1,254.11
3318.00,2558,-0.02,274.00,596.93,231.00,1,246.42
3318.00,2568,1.08,261.00,615.10,215.00,1,228.97
3321.00,2562,-0.78,273.00,596.93,227.00,1,243.28
3322.00,2579,-0.01,253.00,617.75,208.00,1,223.22
3322.00,2580,1.80,250.00,615.10,202.00,1,213.67
3323.00,2582,2.42,248.00,605.00,197.00,2,218.78
3323.00,2583,4.23,245.00,615.10,199.00,1,217.46
3325.00,2563,1.03,274.00,596.93,226.00,1,241.66
3325.00,2604,1.24,225.00,615.10,175.00,1,191.91
3326.00,2591,-0.29,243.00,617.75,196.00,1,212.18
3326.00,2631,-0.89,196.00,615.10,145.00,1,164.55
3327.00,2564,2.84,273.00,596.93,224.00,1,241.98
3328.00,2670,-0.30,151.00,615.10,102.00,1,119.15
3329.00,2597,0.57,238.00,617.75,189.00,1,208.98
3329.00,2674,0.94,146.00,615.10,98.00,1,114.94
3331.00,2671,1.51,151.00,615.10,96.00,1,115.73
3332.00,2571,0.51,272.00,596.93,218.00,1,236.40
3333.00,2603,-0.57,236.00,617.75,183.00,1,202.06
3333.00,2686,-0.34,137.00,615.10,86.00,1,105.80
3334.00,2699,-0.81,123.00,615.10,75.00,1,95.11
3336.00,2606,1.86,233.00,617.75,180.00,1,199.58
3336.00,2619,-0.61,220.00,596.93,165.00,1,187.17
3336.00,2716,-0.04,104.00,615.10,53.00,2,73.23
3337.00,2623,1.63,214.00,617.75,162.00,1,184.34
3338.00,2595,-0.05,250.00,596.93,191.00,1,208.81
3339.00,2622,-0.18,219.00,596.93,164.00,1,184.14
3339.00,2694,-0.86,134.00,617.75,79.00,1,101.25
3340.00,2726,5.06,91.00,615.10,39.00,1,51.77
3341.00,2626,0.06,216.00,596.93,161.00,1,184.00
3341.00,2746,2.26,71.00,615.10,20.00,1,41.98
3343.00,2633,-0.27,210.00,596.93,154.00,1,179.42
3343.00,2743,-0.17,79.00,615.10,29.00,1,45.92
3345.00,2637,-0.03,207.00,596.93,152.00,1,177.12
3345.00,2723,-0.37,105.00,615.10,47.00,1,70.48
3346.00,2695,0.95,138.00,617.75,78.00,1,97.80
3347.00,2643,-0.17,202.00,596.93,145.00,1,173.73
3348.00,2736,-0.84,93.00,617.75,36.00,1,58.15
3349.00,2656,-0.64,189.00,596.93,132.00,1,160.39
3349.00,2745,0.45,82.00,617.75,19.00,2,51.63
3352.00,2766,1.46,59.00,617.75,0.00,0,26.50
3358.00,2592,-0.48,274.00,617.75,231.00,1,245.29
3358.00,2594,0.14,271.00,596.93,228.00,1,239.46
3359.00,2596,0.76,269.00,615.10,224.00,1,236.64
3359.00,2598,1.38,266.00,596.93,224.00,1,237.24
3362.00,2599,3.19,266.00,617.75,219.00,1,234.91
3362.00,2617,5.77,242.00,615.10,194.00,1,214.64
3364.00,2607,-0.33,262.00,596.93,213.00,1,227.06
3364.00,2615,2.15,250.00,615.10,199.00,1,210.76
3366.00,2612,-0.28,258.00,617.75,210.00,1,226.44
3366.00,2634,0.54,231.00,615.10,178.00,1,199.39
3367.00,2614,0.34,256.00,596.93,207.00,1,221.75
3369.00,2616,3.96,252.00,596.93,201.00,1,221.59
3369.00,2620,5.20,246.00,617.75,195.00,1,212.12
3370.00,2646,-0.74,222.00,615.10,170.00,1,182.56
3371.00,2635,2.35,233.00,596.93,184.00,1,201.64
3372.00,2642,-0.98,229.00,596.93,180.00,1,200.09
3372.00,2682,1.42,179.00,615.10,125.00,1,147.31
3373.00,2705,1.05,153.00,615.10,101.00,1,122.21
3375.00,2630,-0.70,246.00,617.75,188.00,1,204.53
3375.00,2632,-0.08,243.00,617.75,187.00,1,208.85
3375.00,2663,-0.97,207.00,596.93,155.00,1,175.53
3375.00,2720,2.20,136.00,615.10,86.00,1,104.22
3376.00,2651,-0.69,222.00,617.75,169.00,1,190.42
3376.00,2718,1.58,140.00,615.10,85.00,2,112.86
3378.00,2673,1.13,196.00,596.93,144.00,1,164.05
3378.00,2740,1.40,116.00,615.10,63.00,1,86.26
3378.00,2792,-0.48,56.00,615.10,6.00,1,29.76
3379.00,2653,-0.07,222.00,617.75,166.00,1,186.05
3379.00,2753,-0.07,103.00,615.10,48.00,1,68.19
3381.00,2654,1.74,221.00,617.75,165.00,1,192.07
3381.00,2676,0.56,196.00,596.93,143.00,1,164.27
3381.00,2785,-0.15,67.00,615.10,16.00,1,35.64
3383.00,2672,-0.68,204.00,617.75,147.00,1,171.00
3383.00,2681,-0.39,193.00,596.93,138.00,1,162.31
3383.00,2799,-0.81,53.00,615.10,1.00,1,18.31
3384.00,2683,3.23,188.00,596.93,133.00,1,159.72
3385.00,2803,-0.57,50.00,615.10,0.00,0,16.46
3387.00,2692,-0.48,184.00,617.75,125.00,1,148.77
3388.00,2685,3.85,189.00,596.93,129.00,1,156.19
3389.00,2814,-0.66,41.00,615.10,0.00,0,8.54
3390.00,2730,-0.70,142.00,617.75,80.00,1,106.02
3394.00,2696,-0.24,186.00,586.83,123.00,1,149.02
3395.00,2697,-0.43,186.00,596.93,123.00,1,156.85
3395.00,2731,0.11,145.00,617.75,80.00,1,106.24
3396.00,2734,-0.46,143.00,617.75,79.00,1,112.34
3398.00,2737,-0.03,141.00,617.75,76.00,1,107.37
3399.00,2701,-0.19,185.00,596.93,121.00,1,147.90
3399.00,2741,3.21,134.00,617.75,71.00,1,100.44
3401.00,2702,1.62,184.00,596.93,120.00,1,147.31
3403.00,2707,1.67,180.00,596.93,115.00,1,149.34
3403.00,2757,-0.83,123.00,617.75,59.00,1,86.95
3404.00,2717,-0.23,171.00,596.93,108.00,1,141.25
3404.00,2770,-0.30,108.00,617.75,44.00,1,79.24
3406.00,2739,-0.41,147.00,596.93,82.00,1,118.63
3407.00,2781,-0.39,98.00,617.75,30.00,1,61.62
3411.00,2747,-0.93,143.00,596.93,75.00,1,107.59
3412.00,2836,-0.84,38.00,615.10,0.00,0,7.88
3413.00,2768,-0.92,120.00,596.93,54.00,1,86.90
3413.00,2807,-0.33,73.00,617.75,2.00,1,30.52
3414.00,2812,-0.28,68.00,617.75,0.00,0,29.85
3415.00,2815,1.15,64.00,617.75,0.00,0,29.28
3415.00,2838,-0.22,38.00,615.10,0.00,0,6.88
3418.00,2788,-0.72,101.00,596.93,32.00,1,71.63
3418.00,2818,5.58,59.00,617.75,0.00,0,21.53
3420.00,2827,-0.13,56.00,617.75,0.00,0,24.06
3421.00,2782,0.42,110.00,596.93,36.00,1,68.22
3421.00,2828,0.68,55.00,617.75,0.00,0,23.68
3422.00,2816,1.96,69.00,596.93,0.00,0,35.27
3423.00,2830,0.30,55.00,617.75,0.00,0,24.25
3424.00,2817,3.77,68.00,596.93,0.00,0,35.91
3427.00,2844,-0.36,43.00,617.75,0.00,0,8.31
3431.00,2847,-0.93,44.00,617.75,0.00,0,7.26
3433.00,2848,0.88,43.00,596.93,0.00,0,9.16
3435.00,2851,0.31,42.00,596.93,0.00,0,11.09
3435.00,2854,-0.26,39.00,615.10,0.00,0,5.81
3445.00,2865,-0.35,36.00,615.10,0.00,0,6.54
3455.00,2870,-0.30,40.00,596.93,0.00,0,10.63
3456.00,2874,0.94,35.00,617.75,0.00,0,8.94
3465.00,2872,0.32,47.00,596.93,0.00,0,8.35
3470.00,2875,2.75,46.00,617.75,0.00,0,7.50
3473.00,2877,3.37,46.00,617.75,0.00,0,7.81
3477.00,2678,-0.82,291.00,596.93,248.00,1,259.96
3478.00,2675,-0.25,295.00,617.75,250.00,1,262.66
3479.00,2679,0.99,290.00,615.10,244.00,1,257.55
3479.00,2690,-0.10,278.00,596.93,234.00,1,247.53
3480.00,2693,-0.67,276.00,617.75,233.00,1,248.21
3481.00,2727,-0.13,236.00,615.10,187.00,1,202.85
3482.00,2733,-0.27,230.00,615.10,183.00,1,200.28
3483.00,2703,-0.57,267.00,596.93,219.00,1,234.27
3484.00,2708,-0.52,262.00,617.75,212.00,1,226.42
3487.00,2750,-0.50,215.00,615.10,171.00,1,186.85
3488.00,2605,-0.95,389.00,617.75,303.00,3,359.65
3489.00,2667,-0.73,316.00,596.93,225.00,3,282.52
3490.00,2755,-0.45,212.00,615.10,166.00,1,180.48
3492.00,2629,1.49,362.00,617.75,272.00,2,330.84
3492.00,2758,-0.02,210.00,615.10,161.00,1,176.89
3494.00,2700,0.00,281.00,596.93,190.00,5,248.24
3495.00,2636,-0.84,359.00,617.75,269.00,2,326.09
3496.00,2652,5.12,335.00,617.75,242.00,2,302.54
3497.00,2668,1.08,321.00,596.93,224.00,4,277.08
3497.00,2763,1.03,208.00,615.10,157.00,1,169.22
3498.00,2669,2.89,319.00,596.93,221.00,4,286.57
3498.00,2780,-0.20,190.00,615.10,138.00,1,158.14
3500.00,2658,1.98,335.00,617.75,243.00,2,303.48
3500.00,2704,1.24,281.00,596.93,180.00,3,249.71
3500.00,2809,-0.71,158.00,615.10,104.00,1,122.37
3501.00,2834,-0.46,129.00,615.10,78.00,1,98.68
3502.00,2722,-0.18,263.00,596.93,170.00,2,229.74
3503.00,2677,-0.63,318.00,617.75,219.00,3,286.10
3503.00,2850,-0.50,112.00,615.10,61.00,1,78.87
3504.00,2728,-0.32,258.00,596.93,167.00,1,227.20
3504.00,2873,-0.87,86.00,615.10,36.00,1,52.84
3506.00,2762,-0.78,220.00,617.75,166.00,1,184.37
3507.00,2729,2.49,257.00,596.93,167.00,1,225.15
3508.00,2802,-0.38,174.00,617.75,120.00,1,139.45
3510.00,2892,-0.48,69.00,615.10,12.00,1,25.72
3510.00,2894,0.14,66.00,615.10,8.00,1,36.50
3511.00,2842,-0.98,130.00,617.75,74.00,1,96.87
3512.00,2902,-0.38,59.00,615.10,3.00,1,26.39
3513.00,2772,-0.68,215.00,596.93,155.00,1,175.56
3513.00,2855,-0.45,116.00,617.75,59.00,1,82.59
3514.00,2778,-0.82,209.00,596.93,153.00,1,180.12
3514.00,2909,-0.71,53.00,615.10,0.00,0,19.68
3516.00,2913,-0.47,50.00,615.10,0.00,0,16.54
3517.00,2811,-0.09,172.00,596.93,113.00,1,136.60
3517.00,2857,1.17,116.00,617.75,56.00,1,85.83
3518.00,2824,-0.56,158.00,596.93,102.00,1,126.81
3521.00,2826,0.06,158.00,596.93,98.00,1,125.10
3521.00,2856,0.36,122.00,617.75,56.00,1,76.21
3521.00,2871,-0.49,105.00,617.75,44.00,1,69.20
3521.00,2923,-0.37,43.00,615.10,0.00,0,13.91
3522.00,2845,-0.55,137.00,596.93,78.00,1,107.97
3523.00,2881,-0.39,95.00,617.75,35.00,1,62.43
3525.00,2876,-0.44,103.00,596.93,42.00,1,72.71
3528.00,2887,-0.53,93.00,596.93,30.00,1,61.11
3528.00,2889,0.09,90.00,617.75,26.00,1,50.21
3529.00,2919,-0.61,56.00,617.75,0.00,0,20.18
3531.00,2929,-0.51,46.00,617.75,0.00,0,13.06
3532.00,2925,0.25,51.00,596.93,0.00,0,16.86
3533.00,2934,1.54,40.00,615.10,0.00,0,11.06
3536.00,2936,2.16,40.00,615.10,0.00,0,5.93
3539.00,2930,1.30,51.00,617.75,0.00,0,6.70
3539.00,2931,2.11,49.00,596.93,0.00,0,7.75
3541.00,2942,-0.98,41.00,615.10,0.00,0,5.01
3543.00,2943,0.83,40.00,617.75,0.00,0,7.50
3548.00,2944,2.64,42.00,617.75,0.00,0,7.03
3551.00,2947,2.07,42.00,617.75,0.00,0,6.73
3551.00,2951,0.31,39.00,596.93,0.00,0,10.87
3555.00,2959,-0.21,34.00,615.10,0.00,0,6.72
3557.00,2957,-0.83,39.00,596.93,0.00,0,8.91
3558.00,2954,-0.26,43.00,617.75,0.00,0,6.64
3574.00,2784,1.04,260.00,615.10,217.00,1,230.31
3575.00,2659,-0.21,411.00,596.93,347.00,2,377.37
3575.00,2783,-0.77,264.00,617.75,218.00,1,233.44
3576.00,2787,0.47,259.00,617.75,216.00,1,230.58
3576.00,2793,-0.67,253.00,615.10,206.00,2,224.11
3577.00,2660,1.60,410.00,596.93,346.00,2,381.08
3579.00,2794,1.14,253.00,615.10,205.00,1,220.43
3579.00,2820,6.20,217.00,615.10,168.00,1,182.58
3580.00,2689,-0.91,381.00,596.93,315.00,2,347.65
3581.00,2833,2.73,207.00,615.10,159.00,1,173.06
3582.00,2714,-0.66,353.00,586.83,286.00,2,321.79
3583.00,2724,1.44,340.00,596.93,271.00,2,313.32
3583.00,2861,1.41,177.00,615.10,126.00,1,146.51
3585.00,2796,1.76,256.00,617.75,204.00,1,217.96
3585.00,2883,1.23,153.00,615.10,105.00,1,117.40
3588.00,2801,4.81,250.00,617.75,196.00,1,210.39
3588.00,2884,3.04,153.00,615.10,102.00,1,114.58
3589.00,2725,3.25,343.00,596.93,268.00,2,307.43
3589.00,2804,4.24,248.00,617.75,195.00,1,218.71
3590.00,2751,-0.69,317.00,596.93,243.00,3,291.20
3590.00,2806,7.86,243.00,617.75,190.00,1,212.70
3590.00,2910,-0.90,128.00,615.10,75.00,1,104.06
3591.00,2917,-0.23,120.00,615.10,67.00,1,88.14
3592.00,2754,-0.26,315.00,596.93,240.00,2,286.80
3592.00,2810,9.10,239.00,617.75,189.00,1,208.92
3593.00,2922,-0.18,116.00,615.10,61.00,1,84.32
3594.00,2761,-0.59,309.00,596.93,237.00,2,281.54
3594.00,2937,-0.03,99.00,615.10,47.00,1,67.69
3594.00,2938,1.78,96.00,615.10,44.00,2,63.78
3595.00,2765,-0.35,305.00,596.93,232.00,2,278.72
3596.00,2825,3.25,231.00,617.75,175.00,1,194.63
3596.00,2948,-0.12,88.00,615.10,35.00,1,59.47
3598.00,2966,-0.54,69.00,615.10,19.00,1,35.10
3599.00,2832,0.92,228.00,617.75,173.00,1,191.67
3600.00,2771,-0.49,303.00,596.93,223.00,2,269.23
3600.00,2971,-0.49,65.00,615.10,13.00,1,37.64
3601.00,2773,0.13,301.00,596.93,221.00,2,272.31
3601.00,2864,0.84,192.00,617.75,137.00,1,160.53
3602.00,2979,-0.01,57.00,615.10,6.00,1,22.68
3603.00,2774,1.94,300.00,596.93,220.00,2,269.64
3604.00,2868,-0.92,192.00,617.75,134.00,1,156.28
3605.00,2775,3.75,299.00,596.93,218.00,2,269.05
3607.00,2790,-0.10,287.00,596.93,210.00,1,258.85
3609.00,2798,2.38,277.00,596.93,211.00,1,249.05
3610.00,2878,-0.82,186.00,617.75,121.00,1,142.04
3610.00,2880,-0.20,183.00,617.75,120.00,1,146.20
3612.00,2882,0.42,182.00,617.75,119.00,1,148.94
3613.00,2914,-0.66,146.00,617.75,86.00,1,112.13
3616.00,2800,3.00,281.00,596.93,212.00,2,245.51
3618.00,2924,0.44,138.00,617.75,73.00,1,98.05
3620.00,2805,6.05,276.00,596.93,210.00,1,237.72
3620.00,2956,-0.64,103.00,617.75,40.00,1,73.63
3621.00,2808,8.48,271.00,596.93,206.00,1,239.99
3622.00,2961,-0.59,99.00,617.75,35.00,1,67.36
3623.00,2967,0.27,92.00,617.75,28.00,1,60.05
3624.00,2853,-0.07,229.00,596.93,171.00,1,192.39
3625.00,2978,-0.82,82.00,617.75,18.00,1,50.62
3627.00,2890,-0.10,188.00,596.93,130.00,1,151.96
3627.00,3005,-0.95,52.00,615.10,0.00,0,16.81
3627.00,3011,-0.09,44.00,615.10,0.00,0,14.12
3629.00,2958,-0.02,109.00,596.93,53.00,1,72.92
3630.00,3017,-0.23,40.00,615.10,0.00,0,6.08
3631.00,2813,8.53,275.00,596.93,203.00,2,240.58
3632.00,2819,4.39,273.00,596.93,200.00,1,241.48
3636.00,2829,1.49,268.00,596.93,193.00,1,233.24
3638.00,2837,0.97,261.00,596.93,186.00,1,228.79
3640.00,2839,1.59,260.00,596.93,184.00,1,228.97
3641.00,3023,-0.37,44.00,617.75,0.00,0,7.02
3646.00,2895,-0.05,201.00,615.10,157.00,1,169.96
3646.00,2897,0.57,198.00,617.75,153.00,1,166.88
3647.00,2901,1.81,193.00,615.10,149.00,1,162.63
3647.00,2911,-0.09,183.00,596.93,139.00,1,152.59
3648.00,2885,-0.15,215.00,615.10,167.00,1,178.75
3649.00,2899,1.19,198.00,615.10,150.00,1,163.95
3649.00,2926,-0.94,168.00,615.10,115.00,1,136.99
3651.00,2916,-0.04,181.00,615.10,130.00,1,146.80
3652.00,2955,-0.45,136.00,615.10,87.00,1,107.35
3653.00,2968,-0.92,122.00,605.00,77.00,1,92.19
3654.00,2905,0.05,197.00,617.75,146.00,1,158.34
3655.00,2945,-0.55,151.00,596.93,101.00,1,115.93
3655.00,2976,1.56,112.00,615.10,62.00,1,79.85
3656.00,2906,1.86,196.00,617.75,146.00,1,160.27
3656.00,2960,-0.40,134.00,596.93,86.00,1,103.89
3657.00,2920,-0.80,183.00,617.75,132.00,1,151.59
3658.00,2963,-0.97,133.00,596.93,83.00,1,101.71
3658.00,3000,2.00,86.00,615.10,34.00,1,50.53
3659.00,3007,4.67,76.00,615.10,26.00,1,41.59
3661.00,3033,-0.27,52.00,615.10,0.00,0,17.96
3662.00,2927,0.87,178.00,617.75,124.00,1,143.78
3663.00,2921,1.01,186.00,617.75,128.00,1,145.38
3663.00,2975,-0.25,123.00,596.93,69.00,1,87.32
3663.00,3040,1.40,44.00,615.10,0.00,0,8.35
3665.00,2939,-0.41,168.00,617.75,114.00,1,140.08
3665.00,2982,-0.58,117.00,596.93,63.00,1,82.83
3666.00,2987,-0.53,112.00,596.93,58.00,1,80.19
3668.00,2940,1.40,168.00,617.75,113.00,1,133.13
3669.00,2965,-0.35,141.00,617.75,86.00,1,109.91
3669.00,2990,-0.10,111.00,596.93,56.00,1,78.48
3671.00,2970,-0.30,137.00,617.75,82.00,1,106.06
3672.00,2997,-0.43,106.00,596.93,49.00,1,72.78
3673.00,3054,-0.26,39.00,615.10,0.00,0,8.71
3675.00,2973,-0.87,138.00,617.75,80.00,1,105.70
3675.00,3003,1.43,100.00,596.93,42.00,1,65.32
3676.00,2991,1.71,115.00,617.75,58.00,1,85.90
3677.00,3004,3.24,99.00,596.93,41.00,1,70.07
3678.00,3018,0.58,86.00,596.93,29.00,1,55.07
3680.00,3028,-0.32,77.00,596.93,18.00,1,48.22
3681.00,2999,0.19,112.00,617.75,50.00,1,76.69
3683.00,3006,3.86,102.00,617.75,41.00,1,67.70
3684.00,3016,-0.04,95.00,617.75,34.00,1,64.50
3684.00,3039,-0.41,68.00,596.93,6.00,1,36.74
3686.00,3046,0.26,61.00,596.93,0.00,0,29.62
3688.00,3065,-0.35,41.00,596.93,0.00,0,11.42
3689.00,3031,-0.89,83.00,617.75,19.00,1,45.24
3690.00,3034,1.54,78.00,617.75,13.00,1,43.03
3690.00,3068,-0.92,40.00,596.93,0.00,0,11.07
3692.00,3045,-0.55,69.00,617.75,4.00,1,38.00
3694.00,3069,0.89,41.00,596.93,0.00,0,10.24
3696.00,3072,0.32,40.00,596.93,0.00,0,12.55
3700.00,3075,-0.25,41.00,596.93,0.00,0,9.44
3703.00,3079,0.99,38.00,615.10,0.00,0,4.88
3704.00,3078,-0.82,42.00,615.10,0.00,0,5.27
3709.00,3081,1.61,41.00,596.93,0.00,0,9.04
3710.00,3082,3.42,39.00,615.10,0.00,0,5.87
3717.00,2711,1.91,489.00,596.93,438.00,2,455.22
3717.00,2738,-0.22,459.00,615.10,406.00,2,425.82
3718.00,2709,1.29,493.00,617.75,441.00,2,459.97
3719.00,2712,3.72,488.00,617.75,436.00,2,458.31
3719.00,2748,-0.12,449.00,615.10,393.00,2,415.08
3720.00,2715,3.15,486.00,596.93,434.00,2,451.77
3721.00,2749,1.69,448.00,615.10,388.00,2,416.23
3722.00,2719,1.39,485.00,596.93,432.00,2,452.29
3722.00,2759,-0.21,439.00,615.10,381.00,2,409.42
3724.00,2735,0.35,469.00,617.75,412.00,2,432.61
3724.00,2744,-0.36,459.00,596.93,404.00,2,427.13
3724.00,2764,-0.16,435.00,615.10,375.00,2,405.65
3726.00,2752,1.12,450.00,615.10,389.00,2,413.68
3726.00,2756,-0.64,447.00,596.93,392.00,2,415.77
3727.00,2760,1.60,441.00,615.10,381.00,2,409.59
3727.00,2769,-0.11,432.00,615.10,369.00,2,397.86
3728.00,2786,-0.34,413.00,586.83,356.00,2,383.36
3729.00,2821,-0.99,373.00,615.10,311.00,2,342.52
3730.00,2823,2.63,368.00,615.10,306.00,2,342.56
3731.00,2776,-0.44,428.00,615.10,369.00,2,395.63
3732.00,2767,-0.73,440.00,617.75,375.00,2,401.42
3737.00,2998,-0.62,170.00,615.10,124.00,1,140.31
3738.00,2977,-0.63,196.00,617.75,150.00,1,161.59
3738.00,2983,-0.77,189.00,615.10,143.00,1,154.68
3739.00,3014,1.34,151.00,615.10,105.00,1,120.40
3741.00,2984,1.04,189.00,617.75,140.00,1,153.56
3741.00,2985,2.85,186.00,596.93,138.00,1,149.70
3741.00,3027,-0.13,139.00,615.10,87.00,1,106.92
3742.00,2988,2.28,184.00,596.93,134.00,1,155.94
3742.00,3009,-0.71,162.00,617.75,114.00,1,128.24
3744.00,3013,-0.47,159.00,617.75,112.00,1,128.17
3744.00,3036,-0.84,132.00,615.10,80.00,1,97.59
3745.00,3015,3.15,154.00,617.75,107.00,1,126.22
3745.00,3042,-0.98,126.00,615.10,75.00,1,95.49
3746.00,3019,1.39,152.00,596.93,103.00,1,116.74
3747.00,3093,0.33,66.00,615.10,15.00,1,36.18
3748.00,3103,-0.57,56.00,615.10,4.00,1,27.36
3749.00,3025,-0.75,150.00,617.75,101.00,1,116.12
3750.00,3032,-0.08,142.00,596.93,88.00,1,104.86
3751.00,3037,0.97,136.00,617.75,85.00,1,104.31
3751.00,3052,-0.88,120.00,596.93,68.00,1,87.94
3753.00,3067,-0.73,104.00,596.93,53.00,1,76.34
3754.00,3048,-0.12,127.00,617.75,73.00,1,92.94
3754.00,3071,-0.49,100.00,596.93,51.00,1,72.65
3756.00,3074,-0.06,98.00,596.93,46.00,1,69.08
3756.00,3080,-0.20,91.00,617.75,39.00,1,61.48
3760.00,3091,-0.29,82.00,596.93,27.00,1,47.81
3760.00,3124,-0.56,43.00,615.10,0.00,0,5.59
3761.00,3089,-0.91,86.00,617.75,30.00,1,50.96
3765.00,2841,2.21,382.00,596.93,303.00,2,350.08
3767.00,3026,-0.94,167.00,615.10,121.00,1,133.84
3767.00,3043,-0.17,146.00,615.10,99.00,1,112.07
3768.00,3060,-0.40,127.00,615.10,79.00,2,95.32
3769.00,2846,-0.74,383.00,596.93,305.00,2,347.75
3769.00,3044,1.64,145.00,617.75,97.00,1,110.68
3771.00,2860,-0.40,368.00,596.93,283.00,2,338.78
3773.00,2903,-0.57,319.00,596.93,233.00,2,287.88
3773.00,3061,1.41,129.00,617.75,78.00,1,92.05
3773.00,3064,3.84,123.00,615.10,72.00,1,84.80
3774.00,3099,1.19,85.00,615.10,31.00,1,53.80
3775.00,3062,3.22,128.00,617.75,77.00,1,96.99
3776.00,3112,-0.28,73.00,615.10,24.00,1,40.62
3777.00,2935,-0.65,285.00,596.93,197.00,3,255.76
3777.00,3132,-0.08,50.00,615.10,0.00,0,17.00
3778.00,3070,-0.30,125.00,617.75,73.00,1,88.46
3779.00,2907,-0.33,320.00,596.93,228.00,2,280.78
3779.00,3138,-0.22,45.00,615.10,0.00,0,13.40
3780.00,3076,-0.44,120.00,617.75,68.00,1,88.64
3781.00,3085,-0.15,110.00,617.75,59.00,1,80.46
3783.00,2946,-0.74,278.00,596.93,184.00,2,242.00
3785.00,2993,-0.67,224.00,596.93,129.00,2,194.68
3786.00,2996,-0.24,221.00,596.93,125.00,2,190.99
3786.00,3088,-0.72,112.00,617.75,55.00,1,74.07
3787.00,3090,-0.10,110.00,617.75,55.00,1,80.89
3789.00,3053,-0.07,156.00,596.93,99.00,1,124.14
3789.00,3094,1.14,106.00,617.75,50.00,1,71.85
3791.00,3098,-0.62,105.00,617.75,48.00,1,72.36
3793.00,3057,-0.83,156.00,596.93,97.00,1,120.28
3794.00,3101,1.81,102.00,617.75,45.00,1,67.84
3795.00,3092,0.52,115.00,596.93,57.00,1,84.26
3796.00,3104,1.24,101.00,617.75,43.00,1,69.11
3797.00,3113,1.53,91.00,596.93,33.00,1,59.37
3799.00,3105,3.05,101.00,617.75,42.00,1,68.00
3799.00,3117,1.77,88.00,596.93,29.00,1,56.52
3799.00,3158,-0.02,41.00,615.10,0.00,0,6.48
3801.00,3115,2.15,92.00,617.75,32.00,1,57.44
3803.00,3162,-0.78,41.00,615.10,0.00,0,6.69
3804.00,3125,-0.75,86.00,617.75,25.00,1,50.58
3804.00,3145,-0.55,62.00,596.93,0.00,0,25.46
3805.00,3148,-0.12,59.00,617.75,0.00,0,28.50
3812.00,3171,-0.49,39.00,596.93,0.00,0,9.21
3820.00,3172,1.32,44.00,617.75,0.00,0,6.22
3821.00,3175,0.75,42.00,617.75,0.00,0,13.21
3825.00,3179,1.99,40.00,617.75,0.00,0,9.93
3827.00,3177,1.37,45.00,596.93,0.00,0,8.54
3838.00,3188,-0.72,45.00,617.75,0.00,0,7.01
3849.00,3201,-0.19,40.00,615.10,0.00,0,4.62
3852.00,3205,-0.95,39.00,615.10,0.00,0,5.26
3858.00,3206,0.86,42.00,596.93,0.00,0,8.68
3863.00,3207,2.67,44.00,617.75,0.00,0,8.01
3866.00,3211,0.91,44.00,596.93,0.00,0,8.07
3868.00,3218,-0.42,39.00,596.93,0.00,0,11.50
3878.00,3219,1.39,46.00,617.75,0.00,0,8.30
3881.00,3083,5.23,207.00,617.75,167.00,1,177.66
3881.00,3095,-0.05,198.00,615.10,155.00,1,172.76
3881.00,3108,3.48,179.00,615.10,135.00,1,151.71
3884.00,3096,1.76,198.00,596.93,153.00,1,166.25
3885.00,3107,1.67,186.00,617.75,138.00,1,152.11
3886.00,3114,2.34,178.00,615.10,127.00,1,142.57
3887.00,3106,-0.14,191.00,596.93,144.00,1,158.64
3887.00,3111,2.91,182.00,617.75,135.00,1,151.40
3887.00,3116,2.96,176.00,615.10,124.00,2,142.00
3890.00,3128,1.68,166.00,615.10,116.00,1,129.04
3891.00,3129,3.49,164.00,596.93,115.00,1,131.95
3892.00,3127,-0.13,171.00,615.10,118.00,1,130.89
3892.00,3160,5.60,126.00,615.10,74.00,1,94.41
3893.00,3130,5.30,163.00,596.93,114.00,1,131.28
3893.00,3164,3.84,124.00,615.10,70.00,1,89.45
3894.00,3121,0.01,180.00,617.75,124.00,1,138.32
3894.00,3123,0.63,177.00,617.75,124.00,1,142.19
3895.00,3131,7.11,162.00,596.93,112.00,1,131.50
3895.00,3149,6.69,141.00,617.75,92.00,1,114.90
3895.00,3166,4.46,123.00,615.10,67.00,2,92.81
3896.00,3176,-0.44,117.00,615.10,65.00,1,86.48
3897.00,3187,-0.53,105.00,615.10,53.00,2,77.47
3898.00,3155,5.55,138.00,617.75,87.00,1,104.84
3898.00,3196,0.76,94.00,615.10,48.00,1,67.31
3899.00,3135,5.35,163.00,596.93,109.00,1,130.36
3899.00,3157,6.17,136.00,617.75,85.00,1,103.70
3900.00,3203,-0.57,89.00,615.10,40.00,2,62.12
3902.00,3137,5.97,163.00,596.93,108.00,1,128.85
3904.00,3139,6.59,162.00,596.93,106.00,1,130.31
3904.00,3168,5.08,129.00,617.75,70.00,1,94.15
3905.00,3189,0.09,110.00,615.10,54.00,1,77.15
3905.00,3210,-0.90,86.00,615.10,34.00,1,46.96
3906.00,3142,6.02,161.00,596.93,106.00,1,129.77
3907.00,3143,7.83,159.00,596.93,104.00,1,128.94
3907.00,3250,0.50,39.00,615.10,0.00,0,6.96
3909.00,3194,0.14,108.00,617.75,50.00,1,73.01
3909.00,3226,-0.94,71.00,615.10,17.00,1,42.53
3910.00,3147,6.07,159.00,596.93,103.00,1,129.09
3910.00,3208,-0.52,93.00,617.75,37.00,1,62.14
3914.00,3234,-0.46,66.00,607.65,8.00,1,32.14
3916.00,3249,-0.31,50.00,617.75,0.00,0,19.96
3917.00,3151,7.31,160.00,596.93,99.00,1,121.03
3918.00,3180,-0.20,134.00,596.93,72.00,1,100.13
3918.00,3255,3.55,41.00,617.75,0.00,0,9.47
3920.00,3191,0.71,122.00,596.93,62.00,1,89.16
3921.00,3256,5.36,41.00,617.75,0.00,0,9.08
3921.00,3258,5.98,38.00,615.10,0.00,0,8.38
3923.00,3214,-0.66,99.00,596.93,37.00,1,64.81
3928.00,2789,-0.91,610.00,596.93,546.00,3,577.38
3930.00,2777,1.37,624.00,617.75,558.00,3,590.95
3930.00,2795,-0.05,604.00,596.93,537.00,3,573.33
3930.00,2831,-0.89,562.00,615.10,491.00,3,529.20
3932.00,2779,0.99,624.00,617.75,556.00,3,589.61
3933.00,2822,0.82,574.00,596.93,505.00,3,541.95
3934.00,2791,-0.29,613.00,617.75,546.00,3,581.71
3934.00,2840,-0.60,555.00,615.10,482.00,3,516.72
3934.00,2843,-0.17,551.00,615.10,480.00,3,521.29
3935.00,2835,-0.65,562.00,596.93,492.00,3,531.88
3936.00,2797,0.57,607.00,617.75,535.00,4,574.65
3936.00,2859,1.79,532.00,615.10,461.00,4,504.30
3937.00,2852,-0.88,544.00,615.10,472.00,3,507.41
3938.00,2862,1.22,531.00,615.10,459.00,3,502.06
3940.00,2879,-0.01,514.00,615.10,439.00,3,479.85
3941.00,2866,2.46,528.00,617.75,451.00,3,495.99
3942.00,2898,-0.62,494.00,615.10,418.00,3,456.66
3943.00,2867,4.27,527.00,617.75,450.00,3,494.86
3944.00,2849,-0.31,554.00,596.93,474.00,4,512.87
3944.00,2858,-0.02,543.00,615.10,467.00,3,505.53
3944.00,2886,-0.34,510.00,615.10,435.00,4,479.77
3945.00,2863,3.03,535.00,596.93,459.00,3,505.77
3945.00,2900,0.00,494.00,615.10,416.00,3,454.38
3946.00,2908,-0.52,486.00,615.10,408.00,4,456.13
3947.00,2869,3.89,529.00,596.93,453.00,3,497.10
3948.00,2915,-0.85,480.00,615.10,407.00,2,447.76
3949.00,2891,-0.29,509.00,617.75,431.00,3,476.61
3949.00,2928,-0.32,465.00,615.10,399.00,2,434.15
3950.00,2949,-0.31,441.00,615.10,375.00,2,405.97
3951.00,2888,0.28,514.00,615.10,434.00,3,476.04
3952.00,2950,1.50,440.00,615.10,374.00,2,405.21
3953.00,2896,-0.24,507.00,617.75,424.00,3,471.04
3953.00,2981,-0.39,406.00,615.10,340.00,2,378.29
3954.00,2918,-0.42,482.00,615.10,408.00,2,448.26
3955.00,2893,-0.67,513.00,596.93,428.00,4,473.53
3955.00,2992,-0.48,395.00,615.10,330.00,2,362.05
3956.00,2904,-0.76,501.00,596.93,416.00,3,468.37
3956.00,2932,-0.08,467.00,617.75,396.00,2,432.83
3956.00,3010,-0.90,375.00,615.10,310.00,3,344.18
3957.00,2912,-0.28,492.00,615.10,410.00,2,460.33
3957.00,2941,-0.79,458.00,617.75,388.00,2,426.58
3957.00,3001,-0.19,386.00,615.10,319.00,2,356.68
3963.00,3150,-0.50,215.00,596.93,171.00,1,183.09
3964.00,3100,0.00,275.00,617.75,219.00,2,243.15
3966.00,3169,-0.11,195.00,615.10,147.00,1,159.23
3967.00,3119,-0.61,256.00,617.75,199.00,1,222.00
3968.00,3212,-0.28,146.00,615.10,95.00,1,110.85
3969.00,3126,0.06,249.00,617.75,198.00,1,220.12
3969.00,3170,1.70,195.00,615.10,144.00,1,155.88
3969.00,3174,-0.06,192.00,596.93,143.00,1,158.85
3969.00,3213,1.53,144.00,615.10,92.00,2,116.30
3971.00,3217,-0.23,143.00,615.10,86.00,2,107.47
3973.00,3140,-0.60,237.00,617.75,187.00,1,203.44
3973.00,3224,-0.56,137.00,615.10,81.00,1,105.85
3974.00,3156,-0.64,219.00,617.75,170.00,1,189.50
3974.00,3181,-0.39,189.00,596.93,137.00,1,152.26
3974.00,3232,-0.08,128.00,615.10,79.00,1,98.30
3976.00,3183,0.23,188.00,596.93,136.00,1,151.67
3976.00,3225,1.25,137.00,615.10,78.00,2,104.30
3977.00,3237,-0.03,125.00,615.10,76.00,1,97.41
3978.00,3159,-0.21,219.00,617.75,168.00,1,186.48
3978.00,3184,2.04,187.00,596.93,133.00,1,152.89
3979.00,3161,0.41,217.00,617.75,166.00,1,186.38
3979.00,3286,-0.34,69.00,615.10,19.00,1,36.32
3980.00,3195,-0.05,178.00,596.93,127.00,1,147.37
3982.00,3198,-0.62,177.00,596.93,124.00,1,144.65
3984.00,3167,-0.73,216.00,617.75,160.00,1,178.34
3984.00,3202,-0.38,174.00,596.93,122.00,1,145.84
3985.00,3190,-0.10,189.00,617.75,134.00,1,156.03
3985.00,3310,0.10,46.00,615.10,0.00,0,13.17
3986.00,3233,1.73,137.00,596.93,84.00,1,107.65
3988.00,3220,-0.80,157.00,617.75,95.00,2,122.96
3989.00,3319,2.39,37.00,615.10,0.00,0,10.23
3990.00,3227,1.87,148.00,617.75,86.00,2,116.17
3992.00,3238,1.78,137.00,617.75,81.00,1,102.62
3994.00,3243,0.83,134.00,596.93,71.00,1,95.04
3995.00,3240,1.40,138.00,617.75,77.00,1,103.97
3995.00,3276,-0.44,97.00,596.93,37.00,1,63.43
3995.00,3325,-0.75,39.00,615.10,0.00,0,6.89
3997.00,3259,-0.21,119.00,617.75,62.00,1,84.55
3997.00,3288,0.28,84.00,596.93,24.00,1,50.16
3999.00,3290,1.90,82.00,586.83,22.00,1,47.88
4000.00,3266,-0.54,114.00,617.75,53.00,1,78.21
4001.00,3303,0.43,70.00,617.75,12.00,1,39.48
4002.00,3301,-0.19,74.00,596.93,11.00,1,39.13
4004.00,3308,0.48,67.00,617.75,6.00,1,33.67
4007.00,3306,-0.14,73.00,596.93,6.00,1,35.12
4008.00,3316,-0.04,62.00,596.93,0.00,0,33.02
4010.00,3317,1.77,61.00,596.93,0.00,0,27.43
4012.00,3331,-0.89,49.00,596.93,0.00,0,16.28
4012.00,3332,0.92,46.00,617.75,0.00,0,6.94
4014.00,3335,0.35,45.00,596.93,0.00,0,14.05
4014.00,3337,0.97,42.00,617.75,0.00,0,8.88
4018.00,3341,-0.79,43.00,617.75,0.00,0,9.48
4019.00,3343,-0.17,41.00,596.93,0.00,0,10.60
4021.00,3345,0.45,40.00,596.93,0.00,0,10.60
4028.00,3352,3.12,36.00,615.10,0.00,0,6.33
4029.00,3347,1.07,45.00,617.75,0.00,0,8.37
4030.00,3348,2.88,43.00,617.75,0.00,0,9.72
4031.00,3350,2.50,42.00,596.93,0.00,0,8.31
4040.00,3361,-0.59,41.00,596.93,0.00,0,10.22
4045.00,3368,1.08,36.00,615.10,0.00,0,5.83
4046.00,3367,-0.73,40.00,607.65,0.00,0,9.48
4050.00,3369,2.89,38.00,596.93,0.00,0,9.15
4057.00,3371,3.51,42.00,615.10,0.00,0,5.66
4058.00,3379,-0.01,37.00,615.10,0.00,0,5.96
4060.00,3382,-0.58,36.00,615.10,0.00,0,5.72
4066.00,3374,2.94,48.00,617.75,0.00,0,7.18
4068.00,3389,1.09,34.00,615.10,0.00,0,5.24
4070.00,3388,-0.72,39.00,615.10,0.00,0,4.71
4079.00,3230,3.30,232.00,596.93,189.00,1,205.65
4081.00,3229,1.49,237.00,615.10,191.00,1,203.55
4083.00,3231,5.11,233.00,615.10,183.00,1,194.08
4083.00,3241,-0.79,227.00,615.10,180.00,1,198.12
4084.00,3228,-0.32,243.00,617.75,197.00,1,213.15
4085.00,3223,-0.37,250.00,617.75,197.00,1,208.23
4085.00,3257,-0.83,210.00,615.10,160.00,1,176.37
4085.00,3274,1.94,187.00,596.93,141.00,1,157.25
4087.00,3235,3.35,234.00,617.75,185.00,1,201.37
4087.00,3261,1.41,205.00,615.10,154.00,1,166.42
4087.00,3262,3.22,202.00,615.10,151.00,1,167.70
4088.00,3309,0.29,150.00,615.10,100.00,1,117.20
4089.00,3281,2.61,182.00,596.93,133.00,1,150.01
4090.00,3245,-0.55,229.00,607.65,179.00,1,193.92
4090.00,3321,-0.99,139.00,615.10,89.00,1,107.90
4091.00,3247,-0.93,228.00,617.75,177.00,1,197.39
4091.00,3328,0.68,130.00,615.10,82.00,1,100.16
4093.00,3307,-0.33,158.00,596.93,106.00,1,123.36
4093.00,3334,-0.46,126.00,615.10,77.00,1,95.54
4094.00,3260,-0.40,215.00,617.75,164.00,1,181.20
4094.00,3318,-0.42,146.00,596.93,94.00,1,113.44
4096.00,3339,-0.41,123.00,615.10,72.00,1,86.16
4096.00,3342,-0.98,120.00,596.93,69.00,1,90.79
4097.00,3271,-0.49,205.00,617.75,152.00,1,171.13
4097.00,3349,-0.31,112.00,615.10,60.00,1,77.49
4099.00,3273,0.13,204.00,617.75,150.00,1,173.28
4099.00,3344,-0.36,120.00,596.93,67.00,1,87.81
4099.00,3366,-0.54,94.00,615.10,42.00,1,60.88
4100.00,3377,3.37,78.00,615.10,29.00,1,51.11
4102.00,3384,-0.96,76.00,615.10,26.00,1,42.91
4103.00,3275,3.75,202.00,617.75,146.00,1,166.33
4103.00,3375,-0.25,87.00,596.93,33.00,1,55.51
4103.00,3386,-0.34,74.00,615.10,19.00,1,44.80
4105.00,3277,4.37,201.00,617.75,144.00,1,165.95
4106.00,3359,-0.21,109.00,615.10,49.00,1,66.13
4107.00,3376,1.56,88.00,596.93,32.00,1,53.63
4108.00,3404,0.24,57.00,596.93,4.00,1,26.27
4110.00,3292,-0.48,193.00,617.75,135.00,1,163.40
4110.00,3424,0.44,35.00,615.10,0.00,0,5.85
4113.00,3284,2.04,203.00,617.75,136.00,1,157.16
4114.00,3287,0.47,202.00,617.75,136.00,1,160.04
4115.00,3296,-0.24,193.00,617.75,131.00,1,158.31
4119.00,3297,0.57,195.00,617.75,131.00,1,157.58
4121.00,3302,-0.38,192.00,617.75,128.00,1,157.55
4122.00,3322,0.82,168.00,617.75,106.00,1,137.06
4122.00,3428,2.68,40.00,615.10,0.00,0,8.68
4127.00,3327,-0.13,168.00,617.75,101.00,1,132.20
4129.00,3364,-0.16,126.00,617.75,60.00,1,89.80
4130.00,3435,-0.65,43.00,615.10,0.00,0,5.23
4131.00,3427,0.87,52.00,596.93,0.00,0,8.28
4134.00,3396,-0.24,93.00,617.75,22.00,1,53.11
4136.00,3397,0.57,93.00,617.75,22.00,1,61.15
4136.00,3439,-0.41,44.00,596.93,0.00,0,8.04
4138.00,3401,-0.19,91.00,617.75,21.00,1,55.92
4140.00,3403,-0.57,91.00,617.75,19.00,1,62.52
4142.00,3412,-0.28,82.00,617.75,10.00,1,47.05
4145.00,3414,-0.66,83.00,617.75,10.00,1,49.37
4149.00,3418,-0.42,82.00,617.75,7.00,1,44.72
4150.00,3423,-0.37,77.00,617.75,1.00,1,45.90
4155.00,3425,2.25,77.00,617.75,0.00,0,38.69
4155.00,3458,-0.02,40.00,615.10,0.00,0,4.76
4156.00,3430,3.30,71.00,617.75,0.00,0,38.41
4160.00,3436,1.16,70.00,617.75,0.00,0,32.50
4160.00,3462,1.22,39.00,615.10,0.00,0,4.62
4162.00,3441,0.21,67.00,617.75,0.00,0,37.31
4165.00,3469,-0.11,37.00,615.10,0.00,0,5.01
4166.00,3454,-0.26,56.00,617.75,0.00,0,18.96
4167.00,3461,-0.59,49.00,617.75,0.00,0,18.27
4189.00,3263,3.03,303.00,615.10,258.00,1,273.16
4190.00,3221,-0.99,358.00,596.93,293.00,2,323.46
4192.00,3236,-0.84,342.00,596.93,277.00,2,312.91
4192.00,3265,3.65,303.00,617.75,255.00,1,267.40
4192.00,3270,3.70,297.00,615.10,252.00,1,264.54
4194.00,3252,1.12,323.00,596.93,262.00,1,292.49
4194.00,3268,3.08,302.00,615.10,252.00,1,265.24
4196.00,3323,-0.37,242.00,615.10,191.00,1,207.80
4197.00,3254,1.74,323.00,596.93,261.00,1,290.94
4197.00,3333,-0.27,231.00,615.10,180.00,1,197.81
4198.00,3282,0.42,292.00,617.75,240.00,1,255.10
4199.00,3272,4.32,301.00,596.93,252.00,1,270.13
4201.00,3340,0.40,226.00,615.10,173.00,1,187.33
4203.00,3298,-0.62,279.00,617.75,223.00,1,237.58
4203.00,3346,-0.74,222.00,615.10,167.00,1,187.55
4204.00,3314,-0.66,261.00,617.75,207.00,1,223.29
4204.00,3338,-0.22,232.00,615.10,180.00,1,197.92
4204.00,3362,1.22,202.00,615.10,149.00,1,168.04
4205.00,3280,-0.20,302.00,596.93,247.00,1,263.87
4205.00,3363,3.03,200.00,605.00,147.00,2,169.40
4207.00,3351,-0.69,220.00,617.75,166.00,1,186.40
4208.00,3285,-0.15,299.00,596.93,241.00,1,260.14
4208.00,3358,0.98,211.00,617.75,157.00,1,179.58
4208.00,3372,1.32,194.00,615.10,140.00,1,155.81
4210.00,3300,0.00,283.00,596.93,228.00,1,248.54
4210.00,3417,1.77,142.00,615.10,87.00,1,113.42
4211.00,3311,-0.09,271.00,596.93,215.00,1,237.93
4211.00,3365,3.65,203.00,615.10,146.00,1,168.12
4211.00,3449,-0.31,107.00,615.10,54.00,1,77.19
4213.00,3320,-0.80,263.00,596.93,208.00,1,230.60
4213.00,3453,-0.07,104.00,615.10,51.00,1,74.09
4214.00,3373,3.13,197.00,617.75,142.00,1,162.76
4214.00,3459,0.79,97.00,615.10,44.00,1,65.25
4215.00,3353,-0.07,225.00,596.93,170.00,1,196.72
4216.00,3357,-0.83,222.00,596.93,167.00,1,193.41
4216.00,3378,-0.82,197.00,617.75,141.00,1,162.77
4216.00,3488,0.28,65.00,615.10,11.00,1,36.97
4218.00,3383,-0.77,193.00,617.75,138.00,1,162.90
4222.00,3393,-0.67,185.00,617.75,127.00,1,152.22
4223.00,3360,0.60,224.00,596.93,164.00,1,186.05
4224.00,3407,1.67,168.00,617.75,108.00,1,138.23
4224.00,3515,-0.85,42.00,615.10,0.00,0,6.03
4226.00,3370,0.70,215.00,586.83,152.00,1,177.09
4226.00,3415,-0.85,163.00,617.75,102.00,1,132.51
4228.00,3406,-0.14,175.00,596.93,113.00,1,143.53
4229.00,3426,-0.94,153.00,617.75,92.00,1,122.29
4230.00,3416,-0.04,165.00,596.93,103.00,1,135.63
4234.00,3442,-0.98,139.00,617.75,73.00,1,102.65
4236.00,3432,-0.08,152.00,596.93,83.00,1,112.16
4236.00,3446,-0.74,136.00,596.93,69.00,1,107.47
4236.00,3455,0.55,124.00,617.75,59.00,1,90.81
4238.00,3470,-0.30,109.00,617.75,43.00,1,74.96
4240.00,3456,1.36,126.00,596.93,58.00,1,89.23
4242.00,3464,-0.16,120.00,596.93,52.00,1,85.04
4243.00,3468,-0.92,117.00,596.93,49.00,1,85.25
4244.00,3471,1.51,112.00,617.75,41.00,1,72.27
4245.00,3478,-0.82,107.00,596.93,37.00,1,76.60
4246.00,3476,-0.44,110.00,617.75,37.00,1,78.84
4246.00,3479,-0.01,106.00,596.93,36.00,1,78.73
4248.00,3473,1.13,114.00,617.75,40.00,1,70.40
4249.00,3480,2.80,105.00,617.75,36.00,1,76.51
4249.00,3494,-0.86,92.00,596.93,22.00,1,60.99
4249.00,3538,0.78,38.00,615.10,0.00,0,6.73
4251.00,3496,-0.24,91.00,596.93,22.00,1,61.75
4253.00,3483,0.23,108.00,617.75,33.00,1,69.75
4254.00,2933,0.73,763.00,596.93,698.00,3,738.26
4254.00,3485,-0.15,107.00,617.75,33.00,1,75.69
4254.00,3522,-0.18,63.00,596.93,0.00,0,32.61
4256.00,3487,-0.53,107.00,617.75,32.00,1,77.37
4258.00,3030,-0.70,653.00,615.10,588.00,4,626.72
4258.00,3497,1.57,95.00,617.75,22.00,1,65.75
4258.00,3527,-0.13,61.00,596.93,0.00,0,26.89
4259.00,3546,-0.74,40.00,596.93,0.00,0,10.66
4261.00,2962,-0.78,737.00,617.75,664.00,3,703.50
4263.00,3499,0.19,99.00,617.75,21.00,1,60.56
4264.00,3507,-0.33,91.00,607.65,14.00,1,57.42
4266.00,3520,-0.80,78.00,617.75,0.00,0,46.03
4268.00,3532,-0.08,65.00,617.75,0.00,0,31.03
4270.00,3533,0.73,65.00,617.75,0.00,0,34.50
4271.00,3537,-0.03,62.00,617.75,0.00,0,34.31
4274.00,3559,-0.21,39.00,596.93,0.00,0,10.03
4275.00,3543,-0.17,59.00,617.75,0.00,0,26.63
4277.00,3553,-0.07,49.00,617.75,0.00,0,17.61
4281.00,3554,0.74,51.00,617.75,0.00,0,17.39
4282.00,3557,-0.83,50.00,617.75,0.00,0,18.80
4294.00,3574,-0.06,41.00,615.10,0.00,0,5.26
4306.00,2952,2.12,791.00,615.10,713.00,4,759.73
4306.00,2969,-0.11,773.00,617.75,693.00,4,743.50
4307.00,3035,-0.65,696.00,615.10,617.00,4,663.11
4308.00,2974,-0.06,769.00,617.75,687.00,4,737.30
4309.00,3041,-0.79,691.00,615.10,609.00,5,657.56
4310.00,2953,3.93,792.00,615.10,709.00,4,754.41
4311.00,2964,-0.16,784.00,596.93,697.00,4,750.11
4311.00,3051,1.31,679.00,615.10,598.00,4,645.03
4312.00,2980,-0.20,766.00,617.75,680.00,5,733.44
4313.00,2986,-0.34,760.00,617.75,672.00,4,730.95
4314.00,3073,-0.87,658.00,615.10,572.00,4,620.28
4316.00,2972,-0.68,780.00,596.93,688.00,4,742.16
4316.00,3077,-0.63,655.00,615.10,568.00,4,623.19
4317.00,2994,0.14,754.00,617.75,661.00,5,720.60
4317.00,3097,-0.43,632.00,615.10,544.00,4,600.06
4318.00,2989,-0.91,762.00,596.93,669.00,4,725.46
4319.00,2995,-0.05,755.00,596.93,660.00,4,724.78
4319.00,3038,-0.22,704.00,615.10,614.00,4,674.93
4320.00,3109,-0.71,621.00,605.00,530.00,4,589.67
4321.00,3002,1.62,747.00,617.75,651.00,4,709.27
4321.00,3020,-0.80,728.00,596.93,635.00,4,695.01
4322.00,3120,-0.80,610.00,615.10,518.00,4,578.61
4323.00,3008,-0.52,744.00,617.75,649.00,4,713.17
4323.00,3163,-0.97,560.00,615.10,490.00,3,535.35
4324.00,3012,-0.28,740.00,617.75,643.00,5,711.48
4325.00,3186,1.66,532.00,615.10,461.00,3,497.47
4326.00,3021,1.01,730.00,596.93,632.00,4,693.85
4326.00,3024,3.44,724.00,617.75,626.00,4,690.86
4328.00,3022,2.82,729.00,596.93,631.00,4,695.35
4328.00,3087,1.47,653.00,617.75,555.00,4,619.08
4330.00,3050,-0.50,701.00,596.93,602.00,4,667.84
4330.00,3216,117.96,385.00,615.10,327.00,3,355.56
4333.00,3153,1.93,579.00,607.65,507.00,2,542.35
4334.00,3058,-0.02,695.00,586.83,592.00,4,659.33
4335.00,3209,111.29,405.00,605.00,337.00,4,369.21
4336.00,3059,1.79,694.00,596.93,589.00,4,659.25
4337.00,3102,-0.38,646.00,617.75,548.00,3,606.22
4337.00,3165,-0.35,571.00,615.10,497.00,4,540.08
4338.00,3086,-0.34,666.00,596.93,561.00,5,639.21
4338.00,3110,1.10,636.00,617.75,540.00,4,606.12
4339.00,3118,-0.42,629.00,596.93,526.00,5,603.85
4340.00,3122,1.82,623.00,607.65,529.00,4,587.20
4340.00,3329,7.49,371.00,605.00,316.00,2,334.08
4341.00,3215,109.15,406.00,596.93,332.00,3,378.46
4343.00,3200,1.00,534.00,617.75,460.00,2,495.28
4344.00,3066,-0.54,696.00,617.75,601.00,3,662.88
4344.00,3251,100.31,375.00,615.10,315.00,2,333.84
4345.00,3264,90.84,370.00,615.10,312.00,2,338.16
4346.00,3136,-0.84,615.00,617.75,520.00,2,583.69
4346.00,3141,-0.79,609.00,596.93,520.00,2,573.93
4347.00,3134,-0.46,618.00,617.75,520.00,2,586.16
4347.00,3279,82.99,362.00,615.10,304.00,2,326.77
4348.00,3146,-0.74,605.00,596.93,518.00,2,575.50
4348.00,3294,76.14,352.00,615.10,294.00,2,320.45
4349.00,3152,-0.88,599.00,596.93,519.00,2,568.89
4349.00,3304,73.24,344.00,615.10,287.00,2,315.53
4351.00,3144,-0.36,610.00,617.75,520.00,2,576.85
4351.00,3324,62.44,333.00,615.10,274.00,3,299.48
4351.00,3354,35.74,324.00,615.10,269.00,2,292.80
4353.00,3193,-0.67,554.00,596.93,472.00,4,521.06
4353.00,3355,36.55,324.00,615.10,268.00,2,292.79
4354.00,3029,-0.51,750.00,617.75,641.00,6,715.72
4354.00,3204,-0.76,542.00,596.93,457.00,4,512.98
4356.00,3047,-0.93,731.00,617.75,621.00,7,696.38
4357.00,3178,-0.82,576.00,596.93,486.00,3,544.81
4359.00,3049,-0.31,731.00,617.75,618.00,8,697.78
4361.00,3055,-0.45,726.00,617.75,607.00,5,694.27
4362.00,3291,75.71,370.00,596.93,311.00,2,340.61
4364.00,3056,-0.64,728.00,617.75,608.00,5,692.01
4365.00,3326,62.06,345.00,617.75,279.00,2,313.84
4366.00,3185,-0.15,576.00,596.93,476.00,3,531.26
4366.00,3313,69.53,354.00,596.93,292.00,1,324.52
4368.00,3199,-0.81,562.00,596.93,462.00,4,531.99
4369.00,3063,0.03,724.00,617.75,600.00,5,688.31
4369.00,3330,58.30,348.00,596.93,286.00,1,318.66
4371.00,3084,-0.96,702.00,617.75,574.00,7,669.25
4372.00,3133,-0.27,644.00,617.75,516.00,6,613.51
4372.00,3222,120.82,417.00,596.93,326.00,2,386.22
4374.00,3381,292.61,58.00,615.10,0.00,0,22.91
4375.00,3356,37.36,344.00,596.93,279.00,1,312.25
4376.00,3385,289.85,58.00,617.75,0.00,0,22.25
4376.00,3394,288.14,49.00,615.10,0.00,0,19.61
4377.00,3239,103.59,419.00,596.93,326.00,3,388.45
4377.00,3312,69.72,366.00,617.75,307.00,1,336.08
4379.00,3154,-0.26,626.00,617.75,507.00,5,595.35
4380.00,3269,89.89,400.00,617.75,335.00,1,368.90
4381.00,3390,2.90,344.00,617.75,301.00,1,308.15
4384.00,3244,101.64,422.00,596.93,323.00,1,383.55
4385.00,3246,102.26,420.00,596.93,322.00,1,388.12
4387.00,3253,100.93,415.00,596.93,326.00,1,382.78
4387.00,3400,1.00,340.00,615.10,301.00,1,309.77
4388.00,3173,-0.87,613.00,617.75,489.00,6,572.25
4388.00,3182,-0.58,602.00,617.75,478.00,5,567.21
4389.00,3278,81.18,407.00,596.93,319.00,1,372.96
4390.00,3192,-0.48,592.00,617.75,466.00,4,559.13
4392.00,3457,240.17,38.00,615.10,0.00,0,11.03
4393.00,3289,75.09,404.00,596.93,319.00,2,367.26
4395.00,3197,-0.43,591.00,617.75,463.00,5,554.27
4395.00,3299,76.19,393.00,596.93,306.00,2,361.42
4395.00,3402,2.62,344.00,615.10,301.00,1,308.36
4397.00,3242,103.02,436.00,617.75,333.00,1,399.48
4397.00,3295,77.95,398.00,596.93,312.00,3,365.51
4397.00,3467,231.27,40.00,615.10,0.00,0,7.93
4399.00,3305,75.05,391.00,596.93,303.00,3,357.97
4402.00,3477,223.37,41.00,615.10,0.00,0,8.50
4403.00,3248,102.88,435.00,617.75,334.00,2,393.71
4403.00,3315,70.15,388.00,596.93,296.00,2,352.24
4403.00,3484,218.04,39.00,615.10,0.00,0,8.67
4405.00,3267,91.27,426.00,617.75,335.00,2,384.09
4405.00,3336,54.16,381.00,596.93,286.00,2,346.65
4406.00,3293,76.33,411.00,617.75,327.00,1,375.72
4407.00,3283,81.23,419.00,617.75,334.00,2,390.87
4409.00,3398,286.38,79.00,607.65,0.00,0,44.04
4410.00,3380,290.80,97.00,596.93,2.00,1,57.90
4411.00,3395,287.95,83.00,617.75,2.00,1,53.66
4412.00,3387,289.47,92.00,596.93,0.00,0,58.29
4413.00,3391,287.71,90.00,596.93,0.00,0,58.86
4413.00,3433,253.73,74.00,617.75,0.00,0,42.35
4417.00,3413,5.53,350.00,596.93,302.00,2,319.55
4419.00,3409,1.29,361.00,615.10,312.00,2,329.76
4421.00,3399,-0.81,377.00,617.75,326.00,2,348.17
4421.00,3422,3.82,345.00,596.93,292.00,2,312.18
4423.00,3392,3.52,383.00,617.75,329.00,2,342.66
4423.00,3410,3.10,362.00,615.10,305.00,2,326.28
4424.00,3420,3.20,351.00,615.10,295.00,2,321.83
4424.00,3431,0.11,341.00,615.10,286.00,3,311.04
4425.00,3408,-0.52,370.00,617.75,317.00,2,336.44
4426.00,3443,-0.17,329.00,615.10,272.00,2,295.47
4426.00,3444,1.64,326.00,615.10,270.00,2,289.87
4427.00,3411,4.91,363.00,617.75,307.00,2,332.07
4427.00,3452,1.12,318.00,615.10,263.00,2,287.57
4428.00,3419,1.39,358.00,617.75,303.00,2,328.99
4428.00,3448,2.88,322.00,596.93,268.00,2,289.79
4430.00,3465,-0.35,307.00,615.10,247.00,3,271.76
4431.00,3460,-0.40,314.00,586.83,260.00,2,280.81
4431.00,3481,-0.39,289.00,615.10,226.00,2,257.22
4433.00,3429,-0.51,353.00,617.75,295.00,2,319.79
4433.00,3463,-0.97,313.00,596.93,256.00,2,280.01
4433.00,3521,-0.99,244.00,615.10,182.00,2,211.06
4434.00,3544,-0.36,217.00,615.10,158.00,2,187.43
4435.00,3474,-0.06,301.00,596.93,244.00,2,272.54
4436.00,3551,1.31,209.00,615.10,147.00,2,176.50
4438.00,3434,-0.46,352.00,617.75,287.00,2,312.41
4439.00,3447,1.07,336.00,617.75,275.00,2,306.56
4440.00,3563,-0.97,201.00,615.10,140.00,3,163.09
4441.00,3466,1.46,315.00,617.75,250.00,2,281.99
4441.00,3482,1.42,296.00,596.93,232.00,2,257.29
4441.00,3566,1.46,196.00,615.10,136.00,2,165.57
4443.00,3491,-0.29,289.00,596.93,225.00,2,256.36
4443.00,3567,3.27,195.00,615.10,133.00,2,161.21
4444.00,3472,-0.68,313.00,617.75,247.00,3,278.58
4444.00,3529,0.49,244.00,596.93,181.00,2,213.15
4445.00,3569,3.89,194.00,615.10,130.00,2,158.92
4446.00,3549,0.69,222.00,596.93,157.00,2,189.38
4446.00,3582,-0.58,184.00,615.10,118.00,2,149.64
4447.00,3504,-0.76,278.00,617.75,209.00,2,239.94
4448.00,3565,-0.35,206.00,596.93,140.00,2,178.01
4448.00,3584,0.04,183.00,615.10,118.00,3,147.84
4449.00,3506,-0.14,277.00,617.75,209.00,2,245.07
4449.00,3572,3.32,195.00,596.93,130.00,2,166.69
4449.00,3628,-0.32,132.00,615.10,69.00,2,101.64
4450.00,3517,-0.23,265.00,617.75,196.00,2,232.23
4451.00,3631,1.11,129.00,615.10,65.00,3,94.79
4452.00,3528,-0.32,254.00,617.75,182.00,2,220.95
4452.00,3643,0.83,116.00,615.10,55.00,2,90.68
4454.00,3681,-0.39,74.00,615.10,13.00,2,43.37
4455.00,3530,2.30,252.00,617.75,180.00,2,217.95
4455.00,3586,0.66,187.00,596.93,117.00,2,151.43
4455.00,3683,1.23,71.00,615.10,8.00,1,40.15
4456.00,3548,-0.12,234.00,617.75,162.00,2,206.79
4456.00,3590,1.90,182.00,615.10,111.00,2,152.30
4457.00,3689,-0.91,68.00,615.10,9.00,1,36.86
4458.00,3595,-0.05,180.00,596.93,110.00,2,148.79
4459.00,3587,2.47,188.00,615.10,113.00,2,149.58
4460.00,3597,0.57,179.00,596.93,108.00,2,149.53
4460.00,3695,0.95,62.00,615.10,8.00,1,31.74
4461.00,3694,-0.86,66.00,615.10,9.00,1,28.18
4462.00,3602,0.62,175.00,617.75,102.00,2,140.92
4463.00,3711,-0.09,47.00,615.10,0.00,0,14.80
4464.00,3712,1.72,45.00,615.10,0.00,0,11.75
4465.00,3600,0.00,181.00,596.93,107.00,2,145.63
4466.00,3622,-0.18,156.00,617.75,79.00,2,118.29
4467.00,3615,-0.85,166.00,596.93,93.00,2,140.89
4467.00,3623,0.63,155.00,617.75,78.00,2,123.03
4468.00,3634,0.54,143.00,596.93,67.00,2,112.71
4469.00,3630,0.30,149.00,617.75,72.00,2,117.31
4469.00,3722,-0.18,40.00,615.10,0.00,0,8.60
4471.00,3635,2.35,143.00,617.75,65.00,2,113.93
4474.00,3638,0.78,144.00,596.93,63.00,2,106.78
4477.00,3493,2.33,318.00,617.75,274.00,1,289.84
4477.00,3503,2.43,306.00,615.10,264.00,1,277.83
4478.00,3490,-0.10,325.00,615.10,282.00,1,294.29
4480.00,3492,0.52,324.00,596.93,279.00,1,292.34
4480.00,3500,3.00,312.00,617.75,268.00,1,280.44
4480.00,3512,-0.28,301.00,615.10,250.00,1,269.77
4481.00,3495,2.95,319.00,596.93,274.00,1,290.87
4483.00,3540,1.40,269.00,615.10,219.00,1,234.89
4484.00,3498,2.38,319.00,596.93,271.00,1,288.50
4485.00,3552,-0.88,259.00,615.10,207.00,1,229.59
4486.00,3513,1.53,304.00,596.93,257.00,1,273.64
4486.00,3562,0.22,247.00,615.10,199.00,1,215.77
4488.00,3509,-0.71,313.00,617.75,259.00,1,272.19
4488.00,3519,3.39,297.00,617.75,246.00,1,263.27
4488.00,3578,-0.82,231.00,615.10,181.00,1,199.77
4490.00,3516,0.96,305.00,596.93,254.00,1,273.54
4490.00,3585,2.85,221.00,615.10,166.00,1,186.41
4490.00,3589,4.09,215.00,605.00,166.00,1,184.62
4491.00,3524,3.44,294.00,617.75,241.00,1,255.38
4492.00,3518,1.58,304.00,596.93,253.00,1,271.71
4493.00,3531,-0.89,292.00,617.75,238.00,1,264.57
4493.00,3588,2.28,221.00,615.10,166.00,2,189.13
4494.00,3534,-0.46,289.00,617.75,237.00,1,260.12
4494.00,3596,4.76,210.00,615.10,157.00,1,176.78
4495.00,3523,1.63,301.00,596.93,251.00,1,269.81
4496.00,3610,3.10,197.00,615.10,147.00,1,168.59
4497.00,3545,-0.55,279.00,617.75,224.00,1,244.46
4497.00,3618,-0.42,192.00,615.10,142.00,1,163.66
4499.00,3560,-0.40,263.00,617.75,210.00,1,233.24
4499.00,3629,-0.51,181.00,615.10,129.00,1,148.12
4500.00,3535,1.35,292.00,596.93,236.00,1,255.41
4500.00,3571,-0.49,251.00,617.75,197.00,1,219.29
4500.00,3633,-0.27,177.00,615.10,127.00,2,144.41
4502.00,3539,-0.41,291.00,596.93,235.00,1,260.26
4502.00,3639,-0.41,172.00,615.10,124.00,1,142.08
4503.00,3713,-0.47,85.00,615.10,36.00,1,53.07
4504.00,3556,-0.64,273.00,596.93,217.00,1,238.04
4504.00,3580,-0.20,244.00,617.75,187.00,1,209.93
4506.00,3575,-0.25,252.00,596.93,195.00,1,222.50
4508.00,3581,1.61,245.00,617.75,185.00,1,206.32
4510.00,3583,2.23,244.00,596.93,186.00,1,208.01
4511.00,3591,4.71,233.00,617.75,172.00,1,194.60
4513.00,3593,5.33,232.00,596.93,172.00,1,196.59
4513.00,3619,1.39,205.00,617.75,143.00,1,170.92
4514.00,3601,1.81,227.00,596.93,168.00,1,195.60
4514.00,3636,-0.84,188.00,617.75,128.00,1,153.80
4514.00,3760,-0.40,40.00,615.10,0.00,0,8.81
4516.00,3637,-0.03,188.00,617.75,126.00,1,154.19
4516.00,3757,-0.83,46.00,615.10,0.00,0,6.15
4517.00,3644,-0.36,181.00,617.75,121.00,1,152.41
4519.00,3603,2.43,229.00,596.93,166.00,1,192.16
4520.00,3655,-0.45,171.00,617.75,110.00,1,140.73
4521.00,3605,3.05,228.00,596.93,164.00,1,193.76
4522.00,3608,2.48,226.00,596.93,163.00,1,195.48
4523.00,3656,-0.64,173.00,617.75,108.00,1,139.67
4525.00,3666,-0.54,163.00,617.75,100.00,1,132.91
4526.00,3621,1.01,216.00,596.93,150.00,1,181.82
4527.00,3668,-0.92,163.00,617.75,98.00,1,131.47
4527.00,3771,-0.49,40.00,615.10,0.00,0,10.88
4529.00,3626,-0.94,215.00,596.93,146.00,1,179.74
4532.00,3670,-0.30,165.00,596.93,95.00,1,128.73
4532.00,3696,-0.24,134.00,617.75,67.00,1,98.95
4536.00,3598,-0.62,255.00,617.75,211.00,1,226.23
4537.00,3592,-0.48,263.00,615.10,219.00,1,232.38
4538.00,3612,-0.28,240.00,596.93,195.00,1,208.94
4540.00,3609,-0.71,246.00,615.10,197.00,1,207.42
4540.00,3617,2.77,233.00,596.93,187.00,1,204.64
4541.00,3604,-0.76,253.00,617.75,205.00,1,220.54
4541.00,3614,0.34,240.00,615.10,190.00,1,211.08
4543.00,3663,-0.97,185.00,615.10,137.00,1,148.51
4544.00,3616,0.96,240.00,617.75,191.00,1,204.33
4545.00,3624,-0.56,233.00,596.93,185.00,1,199.88
4545.00,3627,-0.13,229.00,617.75,182.00,1,198.40
4545.00,3684,-0.96,162.00,615.10,109.00,1,125.58
4546.00,3657,-0.83,195.00,596.93,148.00,1,164.77
4546.00,3693,-0.67,152.00,615.10,100.00,1,118.34
4548.00,3632,-0.08,226.00,617.75,177.00,1,193.25
4548.00,3669,-0.11,182.00,596.93,133.00,1,152.16
4548.00,3724,-0.56,117.00,615.10,66.00,1,86.12
4550.00,3673,-0.87,180.00,596.93,131.00,1,153.63
4550.00,3734,0.54,106.00,615.10,54.00,1,75.01
4551.00,3748,3.88,87.00,615.10,34.00,1,59.65
4553.00,3652,-0.88,208.00,617.75,154.00,1,170.42
4554.00,3659,-0.21,200.00,617.75,145.00,1,167.60
4554.00,3765,-0.35,74.00,615.10,24.00,1,36.09
4555.00,3690,-0.10,164.00,596.93,110.00,1,129.78
4556.00,3766,1.46,73.00,615.10,18.00,1,40.50
4557.00,3676,-0.44,183.00,617.75,127.00,1,146.60
4557.00,3783,-0.77,56.00,615.10,5.00,1,22.85
4558.00,3703,1.43,150.00,596.93,95.00,1,115.78
4559.00,3788,-0.72,52.00,615.10,0.00,0,19.37
4561.00,3698,-0.62,161.00,617.75,102.00,1,122.52
4562.00,3702,-0.38,157.00,617.75,99.00,1,124.46
4564.00,3706,0.86,153.00,596.93,92.00,1,112.83
4564.00,3708,1.48,150.00,617.75,93.00,1,120.78
4564.00,3795,-0.05,48.00,615.10,0.00,0,11.98
4565.00,3710,1.10,149.00,596.93,90.00,1,117.84
4566.00,3715,-0.85,146.00,596.93,87.00,1,117.09
4566.00,3716,0.96,143.00,617.75,85.00,1,111.30
4567.00,3725,1.25,133.00,617.75,76.00,1,105.26
4573.00,3437,249.97,233.00,617.75,153.00,1,198.59
4574.00,3405,279.05,243.00,596.93,154.00,1,206.72
4574.00,3505,207.05,196.00,615.10,147.00,1,159.87
4574.00,3536,188.16,178.00,615.10,127.00,1,147.74
4575.00,3440,251.40,230.00,617.75,153.00,1,196.93
4576.00,3421,263.01,242.00,596.93,153.00,1,208.89
4576.00,3445,246.45,230.00,617.75,153.00,1,198.52
4577.00,3547,184.07,172.00,615.10,123.00,1,137.10
4578.00,3438,250.78,236.00,596.93,151.00,1,202.16
4579.00,3450,242.50,231.00,617.75,151.00,1,200.39
4579.00,3570,174.70,156.00,615.10,107.00,1,121.28
4580.00,3451,244.31,229.00,596.93,151.00,1,196.40
4580.00,3607,150.67,137.00,615.10,88.00,1,104.40
4582.00,3475,224.75,222.00,617.75,150.00,1,190.21
4582.00,3611,148.91,136.00,615.10,85.00,1,103.50
4583.00,3620,144.20,131.00,615.10,82.00,1,99.80
4584.00,3502,208.62,208.00,617.75,150.00,1,176.99
4585.00,3489,218.09,215.00,596.93,150.00,1,184.03
4585.00,3642,126.02,125.00,615.10,76.00,1,93.36
4588.00,3486,218.66,221.00,596.93,150.00,1,178.64
4589.00,3672,119.32,100.00,615.10,53.00,1,68.70
4590.00,3501,206.81,217.00,596.93,151.00,1,182.79
4590.00,3508,206.48,209.00,617.75,149.00,1,171.55
4590.00,3645,125.45,127.00,615.10,74.00,1,86.52
4591.00,3653,128.93,115.00,615.10,63.00,1,83.80
4591.00,3674,119.94,99.00,615.10,51.00,1,70.07
4592.00,3510,206.10,209.00,617.75,148.00,1,171.81
4592.00,3525,195.25,202.00,596.93,147.00,1,167.60
4593.00,3720,83.20,83.00,615.10,32.00,1,51.36
4594.00,3511,206.91,209.00,617.75,148.00,1,171.24
4595.00,3721,85.01,82.00,615.10,32.00,1,50.67
4596.00,3514,206.34,208.00,617.75,147.00,1,174.49
4597.00,3541,185.21,198.00,596.93,142.00,1,168.58
4597.00,3736,76.16,75.00,615.10,25.00,1,44.04
4598.00,3526,197.06,205.00,596.93,143.00,1,164.38
4598.00,3542,187.02,196.00,617.75,139.00,1,160.75
4598.00,3741,74.21,72.00,615.10,22.00,1,41.24
4599.00,3555,180.55,188.00,617.75,133.00,1,158.26
4600.00,3759,68.79,58.00,615.10,7.00,1,27.48
4601.00,3564,177.84,182.00,617.75,125.00,1,149.84
4601.00,3761,69.41,56.00,615.10,4.00,1,29.89
4602.00,3558,178.98,189.00,596.93,130.00,1,160.38
4603.00,3550,183.50,195.00,596.93,131.00,1,155.66
4603.00,3568,175.08,182.00,617.75,125.00,1,147.79
4603.00,3764,68.84,55.00,615.10,4.00,1,24.70
4605.00,3561,178.41,189.00,596.93,129.00,1,162.58
4606.00,3767,68.27,55.00,615.10,3.00,1,22.56
4607.00,3594,158.14,172.00,596.93,111.00,1,140.31
4608.00,3573,174.13,182.00,617.75,121.00,1,145.52
4608.00,3770,67.70,54.00,615.10,1.00,1,20.61
4609.00,3576,172.56,181.00,617.75,120.00,1,151.87
4609.00,3606,148.86,169.00,596.93,107.00,1,137.46
4610.00,3777,62.37,53.00,615.10,0.00,0,21.15
4611.00,3779,62.99,51.00,615.10,0.00,0,19.40
4612.00,3577,174.37,181.00,617.75,119.00,1,146.43
4612.00,3613,149.53,163.00,596.93,99.00,1,132.03
4613.00,3781,63.61,50.00,615.10,0.00,0,18.68
4614.00,3789,62.09,43.00,615.10,0.00,0,11.20
4615.00,3579,173.99,182.00,617.75,118.00,1,145.99
4618.00,3640,125.40,161.00,596.93,93.00,1,122.86
4619.00,3599,155.19,181.00,617.75,115.00,1,142.71
4620.00,3647,128.07,152.00,596.93,83.00,1,117.93
4621.00,3625,141.25,166.00,617.75,102.00,1,133.87
4622.00,3648,129.88,151.00,596.93,82.00,1,116.80
4624.00,3646,127.26,158.00,617.75,90.00,1,117.86
4625.00,3707,96.67,117.00,617.75,61.00,1,84.73
4626.00,3803,49.43,51.00,615.10,0.00,0,22.37
4627.00,3654,130.74,148.00,596.93,76.00,1,108.52
4628.00,3808,46.48,50.00,615.10,0.00,0,21.46
4629.00,3651,129.31,155.00,617.75,86.00,2,119.92
4629.00,3678,118.18,134.00,596.93,63.00,1,97.23
4630.00,3697,102.57,128.00,596.93,58.00,1,96.81
4630.00,3750,73.50,94.00,617.75,35.00,2,61.72
4632.00,3701,99.81,128.00,596.93,55.00,1,100.43
4633.00,3834,28.54,42.00,615.10,0.00,0,8.62
4634.00,3658,128.98,152.00,617.75,80.00,3,115.64
4635.00,3723,85.63,119.00,596.93,47.00,1,85.42
4636.00,3664,122.84,153.00,617.75,75.00,1,118.58
4637.00,3729,81.49,118.00,596.93,44.00,1,85.82
4638.00,3667,120.27,154.00,617.75,75.00,1,121.61
4642.00,3743,74.83,113.00,596.93,37.00,1,76.04
4643.00,3691,106.71,144.00,617.75,66.00,1,111.54
4643.00,3749,71.69,110.00,596.93,35.00,1,82.40
4645.00,3671,118.51,158.00,617.75,75.00,1,116.46
4645.00,3758,66.98,106.00,596.93,29.00,1,74.84
4646.00,3686,111.66,148.00,617.75,68.00,1,116.84
4646.00,3846,22.26,47.00,615.10,0.00,0,5.43
4648.00,3852,23.12,41.00,615.10,0.00,0,6.54
4649.00,3784,64.04,82.00,596.93,3.00,1,46.02
4651.00,3813,43.53,70.00,596.93,0.00,0,39.27
4652.00,3692,107.52,151.00,617.75,65.00,1,111.33
4652.00,3816,42.96,68.00,596.93,0.00,0,37.08
4652.00,3855,22.55,42.00,615.10,0.00,0,6.54
4653.00,3740,74.40,128.00,617.75,44.00,1,92.80
4653.00,3859,20.79,40.00,615.10,0.00,0,9.06
4654.00,3820,41.20,67.00,596.93,0.00,0,39.35
4655.00,3714,89.34,146.00,617.75,65.00,2,113.77
4657.00,3746,74.26,125.00,617.75,43.00,1,92.91
4657.00,3839,25.59,63.00,596.93,0.00,0,32.10
4658.00,3756,67.36,121.00,617.75,36.00,3,93.14
4658.00,3860,22.60,42.00,615.10,0.00,0,7.65
4660.00,3863,22.03,41.00,615.10,0.00,0,6.75
4661.00,3850,22.50,57.00,596.93,0.00,0,22.64
4662.00,3782,65.42,96.00,617.75,7.00,2,63.87
4663.00,3864,23.84,41.00,596.93,0.00,0,14.08
4665.00,3785,65.85,95.00,617.75,4.00,2,59.33
4666.00,3873,16.13,41.00,615.10,0.00,0,4.87
4667.00,3790,63.90,93.00,617.75,3.00,2,61.48
4669.00,3876,18.56,38.00,615.10,0.00,0,6.31
4670.00,3875,16.75,42.00,596.93,0.00,0,8.32
4672.00,3822,41.82,82.00,617.75,0.00,0,42.20
4675.00,3844,22.64,78.00,617.75,0.00,0,39.09
4676.00,3849,21.69,74.00,617.75,0.00,0,37.98
4678.00,3880,16.80,44.00,617.75,0.00,0,10.88
4682.00,3881,18.61,45.00,596.93,0.00,0,8.50
4687.00,3641,0.21,354.00,596.93,273.00,3,322.63
4689.00,3650,1.50,344.00,617.75,265.00,3,310.59
4690.00,3649,-0.31,348.00,596.93,266.00,3,316.63
4690.00,3662,3.22,329.00,617.75,248.00,3,296.40
4690.00,3728,1.68,252.00,615.10,203.00,1,215.58
4691.00,3730,2.30,250.00,615.10,202.00,1,219.71
4692.00,3660,-0.40,337.00,596.93,252.00,3,305.58
4693.00,3735,-0.65,249.00,615.10,199.00,1,215.46
4694.00,3665,1.65,331.00,617.75,244.00,3,298.66
4694.00,3751,-0.69,231.00,615.10,179.00,1,199.77
4695.00,3661,1.41,337.00,596.93,251.00,3,304.31
4696.00,3675,-0.25,323.00,617.75,233.00,3,293.03
4696.00,3769,0.89,210.00,615.10,160.00,1,178.46
4697.00,3798,0.38,177.00,615.10,129.00,1,146.01
4698.00,3682,1.42,315.00,617.75,229.00,2,284.20
4700.00,3677,-0.63,325.00,596.93,234.00,3,287.48
4704.00,3679,-0.01,326.00,596.93,254.00,2,295.25
4707.00,3680,1.80,326.00,596.93,252.00,2,293.48
4707.00,3704,-0.76,300.00,617.75,230.00,2,262.92
4708.00,3709,-0.71,295.00,617.75,226.00,2,264.27
4709.00,3687,-0.53,322.00,596.93,249.00,2,290.76
4709.00,3773,0.13,219.00,615.10,168.00,1,179.40
4710.00,3739,-0.41,261.00,617.75,190.00,2,232.81
4711.00,3775,3.75,215.00,615.10,162.00,1,174.09
4711.00,3786,-0.34,206.00,615.10,159.00,1,173.36
4712.00,3794,-0.86,198.00,615.10,150.00,1,167.90
4713.00,3688,1.28,323.00,596.93,245.00,2,288.25
4713.00,3776,5.56,214.00,615.10,162.00,2,181.87
4714.00,3802,1.62,188.00,615.10,141.00,1,157.20
4715.00,3791,-0.29,204.00,615.10,149.00,2,169.16
4716.00,3733,-0.27,274.00,596.93,196.00,2,238.97
4716.00,3800,1.00,193.00,615.10,140.00,1,162.37
4718.00,3754,-0.26,251.00,596.93,171.00,2,220.72
4718.00,3825,-0.75,167.00,615.10,111.00,1,133.14
4719.00,3867,-0.73,118.00,615.10,65.00,1,90.62
4720.00,3842,-0.98,149.00,617.75,95.00,1,113.33
4721.00,3856,-0.64,133.00,617.75,81.00,1,100.74
4721.00,3878,-0.82,107.00,615.10,52.00,1,76.22
4722.00,3763,-0.97,245.00,596.93,164.00,1,208.58
4722.00,3886,2.66,95.00,615.10,45.00,1,64.81
4723.00,3857,1.17,132.00,617.75,80.00,1,101.15
4724.00,3887,4.47,94.00,615.10,41.00,1,61.97
4725.00,3799,-0.81,205.00,596.93,151.00,1,174.78
4725.00,3868,1.08,121.00,617.75,70.00,1,89.22
4725.00,3891,4.71,90.00,615.10,37.00,1,60.35
4727.00,3893,5.33,89.00,615.10,37.00,1,58.18
4728.00,3774,1.94,235.00,596.93,164.00,1,192.12
4729.00,3832,-0.08,169.00,596.93,114.00,1,134.68
4729.00,3874,-0.06,119.00,617.75,64.00,1,82.52
4729.00,3910,-0.90,77.00,615.10,24.00,1,40.15
4731.00,3845,-0.55,156.00,596.93,100.00,1,125.85
4731.00,3883,-0.77,111.00,617.75,55.00,1,78.69
4731.00,3923,0.63,62.00,615.10,10.00,1,26.02
4732.00,3885,1.85,107.00,617.75,52.00,1,76.53
4733.00,3851,-0.69,151.00,596.93,94.00,1,119.87
4733.00,3934,-0.46,52.00,615.10,0.00,0,19.07
4734.00,3937,-0.03,49.00,615.10,0.00,0,17.21
4735.00,3853,-0.07,150.00,596.93,92.00,1,118.74
4735.00,3889,5.09,102.00,617.75,43.00,1,67.00
4739.00,3884,0.04,117.00,596.93,57.00,1,83.26
4741.00,3903,-0.57,97.00,596.93,37.00,1,64.10
4741.00,3906,-0.14,93.00,617.75,33.00,1,51.78
4741.00,3948,-0.12,43.00,615.10,0.00,0,8.66
4742.00,3922,-0.18,75.00,617.75,17.00,1,39.46
4743.00,3913,-0.47,87.00,596.93,26.00,1,55.24
4743.00,3930,0.30,66.00,617.75,9.00,1,36.41
4746.00,3928,-0.32,72.00,596.93,9.00,1,38.86
4746.00,3944,-0.36,53.00,617.75,0.00,0,15.27
4749.00,3952,-0.88,47.00,596.93,0.00,0,14.05
4756.00,3962,-0.78,42.00,596.93,0.00,0,8.43
4758.00,3965,-0.35,40.00,596.93,0.00,0,9.57
4762.00,3969,-0.11,39.00,615.10,0.00,0,5.16
4769.00,3718,0.58,344.00,596.93,281.00,2,312.86
4769.00,3797,0.57,250.00,615.10,194.00,1,219.77
4770.00,3806,-0.14,241.00,615.10,193.00,1,212.94
4772.00,3731,-0.89,333.00,617.75,268.00,2,297.06
4773.00,3719,2.39,345.00,596.93,279.00,2,310.40
4773.00,3837,-0.03,207.00,615.10,160.00,1,175.69
4774.00,3780,-0.20,276.00,617.75,208.00,2,240.47
4775.00,3732,-0.08,334.00,596.93,269.00,2,300.18
4775.00,3818,-0.42,232.00,617.75,185.00,1,198.98
4775.00,3862,1.22,178.00,615.10,128.00,1,147.64
4777.00,3890,-0.10,148.00,615.10,98.00,1,117.50
4778.00,3821,1.01,230.00,617.75,181.00,1,197.30
4779.00,3742,-0.98,327.00,596.93,260.00,2,290.23
4779.00,3843,-0.17,206.00,617.75,158.00,1,174.05
4780.00,3744,-0.36,325.00,596.93,256.00,2,298.45
4780.00,3899,-0.81,141.00,615.10,91.00,1,107.42
4783.00,3745,1.45,325.00,596.93,254.00,2,290.96
4784.00,3747,2.07,323.00,596.93,253.00,2,293.39
4784.00,3847,-0.93,207.00,617.75,154.00,1,171.14
4785.00,3901,-0.19,143.00,615.10,90.00,1,102.56
4786.00,3752,2.12,319.00,596.93,249.00,2,287.97
4786.00,3854,-0.26,200.00,617.75,149.00,1,170.35
4787.00,3902,1.62,142.00,615.10,87.00,1,108.27
4788.00,3861,-0.59,194.00,617.75,141.00,1,160.48
4788.00,3929,-0.51,113.00,615.10,58.00,1,79.75
4790.00,3932,-0.08,111.00,615.10,55.00,1,80.71
4791.00,3870,-0.30,186.00,617.75,131.00,1,153.92
4791.00,3958,-0.02,81.00,615.10,27.00,1,51.60
4791.00,3967,-0.73,71.00,615.10,18.00,1,36.46
4792.00,3916,-0.04,132.00,617.75,78.00,1,99.97
4793.00,3755,1.55,323.00,596.93,244.00,2,284.96
4793.00,3778,-0.82,298.00,596.93,222.00,2,266.66
4793.00,3971,0.51,67.00,615.10,15.00,1,32.31
4794.00,3917,1.77,131.00,617.75,77.00,1,100.06
4794.00,3975,-0.25,64.00,615.10,12.00,1,38.41
4795.00,3812,-0.28,259.00,596.93,194.00,1,228.98
4797.00,3819,0.39,252.00,596.93,193.00,1,221.54
4797.00,3921,3.01,128.00,617.75,73.00,1,95.89
4799.00,3828,-0.32,244.00,596.93,189.00,1,214.17
4800.00,3949,-0.31,101.00,617.75,43.00,1,65.93
4803.00,3950,1.50,101.00,617.75,42.00,1,67.47
4804.00,3918,3.58,138.00,596.93,78.00,1,102.14
4805.00,3961,-0.59,92.00,617.75,33.00,1,57.07
4806.00,3939,-0.41,119.00,596.93,59.00,1,88.16
4808.00,3964,-0.16,91.00,617.75,31.00,1,55.45
4809.00,3970,-0.30,85.00,617.75,22.00,1,51.71
4810.00,4008,-0.52,41.00,615.10,0.00,0,5.62
4812.00,3998,-0.62,55.00,617.75,0.00,0,22.99
4813.00,4006,-0.14,46.00,617.75,0.00,0,16.40
4815.00,4013,-0.47,40.00,596.93,0.00,0,8.38
4816.00,4014,1.34,38.00,596.93,0.00,0,10.36
4819.00,4019,-0.61,37.00,615.10,0.00,0,5.03
4822.00,4021,-0.99,38.00,615.10,0.00,0,6.10
4827.00,4023,0.63,39.00,596.93,0.00,0,9.18
4831.00,4024,2.44,40.00,596.93,0.00,0,9.22
4837.00,4028,3.68,40.00,615.10,0.00,0,5.59
4839.00,4029,5.49,39.00,615.10,0.00,0,5.43
4841.00,4025,4.25,47.00,596.93,0.00,0,8.31
4848.00,3892,8.52,208.00,596.93,162.00,1,173.57
4849.00,3900,5.00,203.00,596.93,158.00,1,172.69
4849.00,3915,7.15,183.00,615.10,134.00,1,146.21
4850.00,3897,5.57,207.00,617.75,157.00,1,169.19
4852.00,3904,3.24,203.00,617.75,154.00,1,169.15
4852.00,3931,-0.89,175.00,615.10,125.00,1,137.82
4853.00,3905,4.05,202.00,596.93,153.00,1,166.96
4853.00,3935,-0.65,171.00,615.10,119.00,2,142.15
4855.00,3907,4.67,201.00,596.93,152.00,1,169.43
4855.00,3945,2.45,158.00,615.10,106.00,1,125.63
4856.00,3909,8.29,196.00,617.75,144.00,1,156.79
4856.00,3966,-0.54,137.00,615.10,88.00,1,103.49
4857.00,3908,6.48,200.00,596.93,151.00,1,169.45
4858.00,3960,3.60,142.00,615.10,85.00,1,106.92
4859.00,3941,1.21,168.00,617.75,113.00,1,127.94
4860.00,3943,1.83,166.00,617.75,112.00,1,136.26
4860.00,3996,-0.24,105.00,615.10,54.00,1,69.70
4861.00,4007,-0.33,93.00,615.10,42.00,1,58.03
4862.00,3912,7.72,199.00,596.93,144.00,1,161.65
4862.00,3954,0.74,156.00,617.75,105.00,1,124.48
4863.00,3920,4.20,194.00,596.93,142.00,1,166.74
4864.00,3956,0.36,156.00,617.75,102.00,1,122.16
4864.00,4037,1.97,58.00,615.10,6.00,1,20.95
4865.00,3940,-0.60,177.00,596.93,122.00,1,147.28
4865.00,4053,-0.07,42.00,615.10,0.00,0,12.06
4866.00,3957,2.17,155.00,617.75,100.00,1,120.10
4867.00,3947,3.07,167.00,596.93,114.00,1,134.50
4868.00,4058,-0.02,39.00,615.10,0.00,0,7.92
4869.00,3986,-0.34,126.00,617.75,70.00,1,89.50
4871.00,3988,0.28,125.00,617.75,69.00,1,89.93
4872.00,3990,0.90,123.00,617.75,67.00,1,94.84
4873.00,3951,1.31,170.00,596.93,109.00,1,131.75
4873.00,4054,1.74,47.00,615.10,1.00,1,14.25
4874.00,3959,1.79,161.00,596.93,104.00,1,124.10
4876.00,3968,0.08,154.00,596.93,95.00,1,120.73
4877.00,3991,2.71,125.00,617.75,65.00,1,87.77
4878.00,4011,-0.09,105.00,617.75,48.00,1,76.00
4880.00,3973,-0.87,153.00,596.93,93.00,1,116.81
4881.00,3979,-0.01,146.00,596.93,86.00,1,113.26
4881.00,4065,-0.35,44.00,615.10,0.00,0,10.24
4882.00,4027,-0.13,90.00,617.75,30.00,1,54.74
4883.00,4002,-0.38,121.00,596.93,62.00,1,90.56
4884.00,4036,1.16,80.00,617.75,18.00,1,44.46
4885.00,4017,-0.23,105.00,596.93,45.00,1,74.53
4886.00,4039,2.59,77.00,617.75,15.00,1,47.51
4888.00,4042,1.02,77.00,617.75,15.00,1,42.60
4890.00,4020,-0.80,107.00,596.93,43.00,1,70.64
4891.00,4067,3.27,48.00,617.75,0.00,0,12.32
4892.00,4075,0.75,42.00,615.10,0.00,0,5.84
4893.00,4035,-0.65,92.00,596.93,27.00,1,56.01
4894.00,4045,-0.55,81.00,596.93,16.00,1,48.83
4896.00,4074,-0.06,48.00,617.75,0.00,0,6.91
4899.00,4051,-0.69,79.00,596.93,9.00,1,40.91
4900.00,4066,1.46,60.00,596.93,0.00,0,28.52
4907.00,4089,-0.91,42.00,617.75,0.00,0,8.97
4910.00,4094,-0.86,39.00,596.93,0.00,0,9.25
4914.00,4095,0.95,40.00,615.10,0.00,0,4.96
4916.00,4096,2.76,39.00,617.75,0.00,0,8.34
4920.00,4099,5.19,37.00,617.75,0.00,0,9.50
4923.00,4097,4.57,43.00,596.93,0.00,0,9.54
4928.00,4100,7.00,42.00,617.75,0.00,0,9.04
4932.00,4103,9.43,40.00,615.10,0.00,0,5.45
4933.00,4102,7.62,44.00,617.75,0.00,0,8.26
4939.00,4116,-0.04,41.00,596.93,0.00,0,9.64
4941.00,4109,5.29,46.00,617.75,0.00,0,9.14
4942.00,4117,1.77,41.00,617.75,0.00,0,13.20
4943.00,4120,1.20,39.00,596.93,0.00,0,9.38
4948.00,3700,0.00,545.00,596.93,465.00,3,519.27
4950.00,3685,1.85,563.00,617.75,476.00,3,534.94
4953.00,3801,-0.19,430.00,615.10,372.00,2,395.27
4954.00,3699,-0.81,553.00,617.75,470.00,3,518.98
4954.00,3807,-0.33,424.00,615.10,367.00,2,394.40
4956.00,3727,-0.13,521.00,596.93,452.00,2,483.09
4956.00,3817,2.77,411.00,615.10,350.00,2,381.29
4957.00,3705,-0.95,549.00,617.75,463.00,3,512.41
4957.00,3827,1.87,401.00,615.10,342.00,2,372.89
4958.00,3737,-0.03,511.00,596.93,450.00,2,479.50
4959.00,3717,-0.23,536.00,617.75,450.00,2,502.56
4959.00,3753,-0.07,493.00,596.93,433.00,2,461.70
4959.00,3831,4.11,396.00,615.10,335.00,2,365.02
4961.00,3833,5.73,394.00,615.10,331.00,2,360.74
4962.00,3768,-0.92,479.00,596.93,415.00,2,444.39
4963.00,3726,-0.94,530.00,617.75,451.00,2,494.23
4963.00,3836,5.16,393.00,615.10,331.00,2,359.04
4964.00,3738,1.78,514.00,617.75,450.00,2,484.35
4964.00,3787,-0.53,458.00,596.93,397.00,2,428.81
4965.00,3838,5.78,392.00,615.10,328.00,2,357.49
4966.00,3762,-0.78,490.00,617.75,424.00,2,459.24
4966.00,3840,6.40,390.00,615.10,330.00,2,360.97
4968.00,3793,1.33,453.00,596.93,386.00,2,418.53
4968.00,3841,8.21,389.00,615.10,327.00,2,357.97
4969.00,3858,-0.02,378.00,615.10,316.00,2,347.39
4970.00,3772,0.32,481.00,617.75,415.00,2,445.38
4971.00,3792,-0.48,459.00,617.75,391.00,2,427.31
4971.00,3809,0.29,438.00,596.93,370.00,2,403.31
4971.00,3865,-0.35,372.00,615.10,309.00,2,338.24
4973.00,3811,1.91,436.00,596.93,367.00,2,401.29
4973.00,3869,-0.11,369.00,615.10,306.00,2,339.29
4975.00,3814,1.34,435.00,596.93,366.00,2,404.32
4975.00,3882,-0.58,356.00,615.10,289.00,2,321.06
4976.00,3804,-0.76,450.00,617.75,380.00,2,417.05
4977.00,3824,0.44,426.00,596.93,357.00,2,394.07
4978.00,3888,-0.72,352.00,615.10,285.00,2,315.54
4979.00,3796,0.76,461.00,617.75,386.00,2,417.28
4982.00,3972,-0.68,256.00,596.93,213.00,1,224.11
4983.00,3981,-0.39,246.00,617.75,202.00,1,214.25
4985.00,3985,-0.15,243.00,615.10,193.00,1,206.55
4985.00,3987,0.47,240.00,615.10,194.00,1,206.99
4985.00,3999,-0.81,227.00,586.83,183.00,1,195.81
4986.00,3992,-0.48,236.00,615.10,187.00,2,206.22
4986.00,3994,0.14,233.00,617.75,187.00,1,203.57
4987.00,4015,-0.85,210.00,615.10,164.00,1,181.94
4988.00,4004,-0.76,224.00,596.93,177.00,1,191.85
4989.00,4040,0.40,181.00,615.10,133.00,1,148.08
4990.00,4005,1.05,223.00,617.75,175.00,1,193.51
4991.00,4016,0.96,211.00,596.93,160.00,1,179.00
4991.00,4043,-0.17,180.00,615.10,131.00,1,148.30
4992.00,4012,-0.28,218.00,617.75,170.00,1,187.02
4992.00,4034,-0.46,192.00,596.93,144.00,1,163.25
4993.00,4038,-0.22,188.00,615.10,135.00,2,155.42
4994.00,4050,-0.50,175.00,596.93,126.00,1,145.88
4995.00,4060,-0.40,164.00,615.10,111.00,1,129.85
4997.00,4018,1.58,214.00,617.75,161.00,1,177.78
4997.00,4093,-0.67,127.00,615.10,75.00,1,96.48
4998.00,4070,-0.30,155.00,615.10,105.00,1,126.17
4998.00,4072,3.32,149.00,596.93,97.00,1,117.28
4998.00,4112,-0.28,105.00,615.10,52.00,1,74.14
4999.00,4052,0.12,177.00,617.75,124.00,1,146.89
5001.00,4079,-0.01,147.00,596.93,92.00,1,112.44
5002.00,4071,1.51,156.00,607.65,103.00,1,124.09
5003.00,4087,-0.53,140.00,596.93,86.00,1,106.78
5003.00,4131,3.11,84.00,615.10,29.00,1,43.64
5005.00,4136,3.16,80.00,615.10,25.00,1,49.94
5006.00,4077,0.37,154.00,617.75,99.00,1,117.43
5006.00,4160,-0.40,56.00,615.10,1.00,1,28.11
5008.00,4081,0.61,151.00,617.75,95.00,1,116.28
5008.00,4130,1.30,92.00,596.93,36.00,1,59.70
5009.00,4121,0.01,105.00,615.10,46.00,1,64.11
5011.00,4134,2.54,89.00,596.93,32.00,1,56.59
5012.00,4178,3.18,37.00,615.10,0.00,0,8.53
5013.00,4090,-0.10,146.00,617.75,85.00,1,105.90
5013.00,4156,-0.64,68.00,596.93,11.00,1,34.58
5014.00,4119,-0.61,113.00,617.75,54.00,1,75.75
5016.00,4124,-0.56,109.00,617.75,50.00,1,75.98
5017.00,4129,-0.51,104.00,617.75,47.00,1,74.78
5019.00,4174,-0.06,52.00,596.93,0.00,0,12.84
5019.00,4177,1.37,47.00,586.83,0.00,0,15.07
5021.00,4188,0.28,37.00,615.10,0.00,0,12.54
5022.00,4141,0.21,94.00,617.75,32.00,1,55.80
5024.00,4144,-0.36,93.00,617.75,29.00,1,58.00
5024.00,4181,5.61,43.00,596.93,0.00,0,8.90
5025.00,4147,-0.93,91.00,617.75,28.00,1,58.92
5027.00,4164,-0.16,72.00,617.75,10.00,1,38.69
5028.00,4176,0.56,58.00,617.75,0.00,0,29.83
5032.00,4179,4.99,54.00,617.75,0.00,0,22.81
5034.00,4192,-0.48,46.00,617.75,0.00,0,15.13
5036.00,4193,1.33,45.00,617.75,0.00,0,14.15
5038.00,4197,-0.43,44.00,596.93,0.00,0,8.20
5040.00,4200,0.00,42.00,596.93,0.00,0,16.00
5040.00,4201,1.81,39.00,615.10,0.00,0,5.07
5059.00,4217,-0.23,41.00,605.00,0.00,0,5.20
5079.00,4031,6.11,276.00,596.93,236.00,1,246.61
5081.00,4041,-0.79,273.00,617.75,226.00,1,240.90
5081.00,4049,1.69,261.00,615.10,216.00,1,227.43
5083.00,4056,-0.64,257.00,615.10,207.00,2,224.50
5083.00,4059,-0.21,253.00,615.10,203.00,2,223.10
5085.00,4048,-0.12,268.00,617.75,220.00,1,233.98
5085.00,4085,2.85,221.00,615.10,172.00,1,189.11
5086.00,4078,-0.82,234.00,596.93,185.00,1,200.02
5087.00,4073,-0.87,241.00,617.75,190.00,2,208.28
5087.00,4101,-0.19,207.00,615.10,155.00,1,173.57
5089.00,4083,-0.77,231.00,596.93,183.00,1,196.85
5089.00,4092,0.52,219.00,617.75,171.00,1,190.15
5090.00,4123,1.63,182.00,615.10,133.00,1,145.88
5092.00,4125,2.25,181.00,615.10,129.00,1,148.65
5093.00,4104,-0.76,210.00,617.75,158.00,1,174.35
5093.00,4132,3.92,172.00,615.10,125.00,1,142.31
5094.00,4084,1.04,233.00,596.93,177.00,1,193.21
5095.00,4127,2.87,181.00,615.10,128.00,2,147.58
5096.00,4146,2.26,160.00,615.10,107.00,1,129.78
5097.00,4107,-0.33,210.00,617.75,154.00,1,172.15
5097.00,4115,-0.85,201.00,596.93,148.00,1,168.84
5098.00,4108,1.48,208.00,617.75,152.00,1,175.22
5098.00,4148,2.88,159.00,615.10,105.00,2,128.65
5099.00,4088,2.28,232.00,596.93,172.00,1,189.53
5099.00,4138,2.78,172.00,596.93,119.00,1,141.92
5101.00,4122,-0.18,196.00,617.75,141.00,1,160.65
5102.00,4169,3.89,137.00,615.10,86.00,1,98.29
5103.00,4128,5.68,185.00,617.75,125.00,2,148.50
5103.00,4139,4.59,173.00,596.93,117.00,1,138.53
5104.00,4175,-0.25,136.00,615.10,84.00,1,97.77
5105.00,4135,3.35,181.00,617.75,124.00,1,148.31
5106.00,4154,1.74,161.00,615.10,107.00,1,129.20
5106.00,4219,1.39,84.00,615.10,30.00,1,53.45
5107.00,4145,0.45,174.00,596.93,114.00,1,137.52
5107.00,4228,1.68,74.00,615.10,19.00,1,40.39
5108.00,4149,4.69,166.00,596.93,108.00,1,133.33
5109.00,4233,7.73,64.00,615.10,14.00,1,31.17
5110.00,4165,-0.35,154.00,596.93,95.00,1,122.47
5110.00,4185,-0.15,130.00,617.75,73.00,1,95.69
5110.00,4235,8.35,62.00,615.10,8.00,1,31.05
5112.00,4187,-0.53,130.00,617.75,71.00,1,96.03
5112.00,4232,5.92,70.00,615.10,16.00,1,40.31
5114.00,4167,0.27,155.00,596.93,95.00,1,120.41
5114.00,4205,-0.95,111.00,617.75,53.00,1,84.34
5115.00,4168,2.08,153.00,596.93,94.00,1,125.47
5115.00,4218,-0.42,96.00,617.75,38.00,1,66.84
5119.00,4202,-0.38,119.00,596.93,57.00,1,86.32
5119.00,4243,4.83,65.00,617.75,7.00,1,33.25
5121.00,4208,-0.52,114.00,596.93,52.00,1,81.22
5122.00,4259,-0.21,54.00,617.75,0.00,0,19.29
5123.00,4209,1.29,113.00,596.93,50.00,1,80.07
5124.00,4261,0.41,53.00,617.75,0.00,0,24.02
5125.00,4227,-0.13,95.00,596.93,30.00,1,65.69
5125.00,4275,-0.25,38.00,605.00,0.00,0,6.62
5127.00,4229,3.49,91.00,596.93,25.00,1,61.28
5127.00,4271,-0.49,45.00,615.10,0.00,0,9.41
5133.00,4137,-0.03,210.00,586.83,170.00,1,184.98
5133.00,4273,1.13,47.00,605.00,0.00,0,7.21
5134.00,4230,5.30,95.00,596.93,24.00,1,56.95
5138.00,4126,-0.94,229.00,617.75,183.00,1,196.07
5139.00,4150,-0.50,201.00,615.10,154.00,1,165.18
5140.00,4151,0.31,200.00,605.00,153.00,1,164.52
5141.00,4133,-0.27,223.00,617.75,175.00,1,191.00
5141.00,4155,1.55,195.00,596.93,149.00,1,162.89
5141.00,4170,1.70,177.00,615.10,128.00,1,140.04
5143.00,4213,-0.47,130.00,615.10,82.00,1,94.14
5144.00,4158,0.98,195.00,596.93,146.00,1,161.57
5144.00,4222,-0.18,120.00,615.10,69.00,1,87.38
5146.00,4142,-0.98,218.00,617.75,165.00,1,179.26
5146.00,4234,-0.46,108.00,615.10,55.00,1,76.48
5147.00,4159,2.79,195.00,596.93,145.00,1,162.07
5147.00,4241,-0.79,101.00,615.10,52.00,1,71.88
5148.00,4153,0.93,205.00,617.75,153.00,1,170.67
5149.00,4264,-0.16,75.00,615.10,22.00,1,42.60
5150.00,4161,3.41,195.00,596.93,142.00,1,161.34
5150.00,4163,4.03,192.00,617.75,140.00,1,158.29
5150.00,4272,-0.68,67.00,615.10,15.00,1,36.42
5151.00,4206,-0.14,146.00,596.93,94.00,1,114.12
5153.00,4166,3.46,192.00,617.75,137.00,1,156.54
5153.00,4207,1.67,145.00,596.93,93.00,1,118.02
5153.00,4280,-0.20,60.00,615.10,9.00,1,24.02
5155.00,4180,-0.20,181.00,617.75,126.00,1,143.78
5155.00,4214,1.34,139.00,596.93,88.00,1,111.49
5155.00,4282,0.42,59.00,615.10,7.00,1,22.46
5156.00,4283,2.23,57.00,615.10,6.00,1,27.38
5157.00,4183,-0.77,180.00,617.75,124.00,1,150.79
5157.00,4244,-0.36,107.00,596.93,56.00,1,77.36
5158.00,4296,-0.24,46.00,615.10,0.00,0,13.78
5160.00,4184,0.04,181.00,617.75,124.00,1,144.34
5161.00,4260,-0.40,92.00,596.93,37.00,1,59.20
5162.00,4186,0.66,180.00,617.75,123.00,1,147.74
5167.00,4190,-0.10,181.00,617.75,120.00,1,139.85
5167.00,4199,-0.81,171.00,617.75,112.00,1,139.17
5171.00,4210,1.10,160.00,617.75,99.00,1,122.27
5172.00,4223,1.63,145.00,617.75,84.00,1,112.00
5173.00,4314,3.34,36.00,615.10,0.00,0,7.71
5174.00,4231,-0.89,140.00,617.75,79.00,1,112.17
5176.00,4238,-0.22,133.00,617.75,73.00,1,103.96
5176.00,4313,1.53,42.00,596.93,0.00,0,8.60
5177.00,4292,-0.48,70.00,607.65,9.00,1,40.51
5183.00,3829,2.49,624.00,596.93,552.00,3,593.45
5184.00,3895,-0.05,549.00,615.10,477.00,4,517.74
5185.00,3925,1.25,513.00,615.10,440.00,3,482.34
5187.00,3805,0.05,659.00,617.75,583.00,3,620.80
5187.00,3872,2.32,577.00,596.93,500.00,3,547.23
5188.00,3926,3.06,513.00,615.10,437.00,3,480.46
5189.00,3810,2.10,653.00,617.75,576.00,3,615.23
5189.00,3871,0.51,582.00,596.93,502.00,3,543.26
5190.00,3927,6.87,510.00,605.00,435.00,3,478.11
5191.00,3815,3.15,648.00,617.75,572.00,3,618.15
5191.00,3877,-0.63,578.00,596.93,498.00,3,550.33
5192.00,3823,-0.37,643.00,617.75,563.00,4,611.49
5192.00,3936,0.16,508.00,615.10,434.00,3,474.65
5193.00,3896,1.76,555.00,615.10,473.00,3,522.18
5193.00,3978,4.18,455.00,615.10,392.00,2,426.24
5196.00,3826,1.06,642.00,617.75,559.00,3,606.75
5196.00,3980,4.80,455.00,615.10,392.00,2,420.19
5197.00,3830,4.30,635.00,617.75,552.00,5,600.58
5197.00,3898,2.38,556.00,596.93,471.00,3,522.75
5198.00,3982,5.42,454.00,615.10,388.00,2,417.96
5200.00,3911,-0.09,546.00,596.93,459.00,3,510.56
5202.00,3848,2.88,620.00,617.75,536.00,4,588.38
5202.00,3914,-0.66,545.00,596.93,457.00,3,514.95
5202.00,3983,7.23,455.00,615.10,390.00,2,415.48
5203.00,3835,-0.65,640.00,607.65,552.00,5,600.45
5203.00,3989,6.09,450.00,615.10,383.00,2,423.77
5204.00,3924,-0.56,535.00,596.93,444.00,3,503.04
5205.00,3866,1.46,603.00,617.75,516.00,3,571.59
5205.00,3933,-0.27,525.00,596.93,435.00,3,495.21
5205.00,4001,3.81,440.00,615.10,374.00,2,405.19
5206.00,4009,0.29,435.00,615.10,369.00,2,404.03
5207.00,3879,-0.01,591.00,617.75,504.00,3,557.10
5208.00,4026,-0.94,418.00,615.10,350.00,2,385.93
5209.00,3974,-0.06,480.00,596.93,405.00,2,447.94
5210.00,4030,-0.70,415.00,615.10,348.00,2,378.48
5211.00,3894,-0.86,578.00,617.75,484.00,4,541.67
5212.00,4033,-0.27,413.00,615.10,343.00,2,376.00
5213.00,3919,-0.61,550.00,617.75,456.00,4,520.03
5213.00,4055,-0.45,388.00,615.10,320.00,2,360.60
5214.00,3977,2.37,479.00,596.93,399.00,2,448.96
5215.00,3938,0.78,528.00,617.75,435.00,2,495.07
5215.00,3976,0.56,483.00,596.93,402.00,2,443.68
5215.00,4082,0.42,357.00,615.10,288.00,2,319.69
5216.00,3942,-0.98,526.00,617.75,434.00,2,494.49
5216.00,4091,-0.29,348.00,615.10,276.00,2,313.29
5217.00,3984,9.04,467.00,596.93,388.00,2,435.32
5217.00,4046,-0.74,403.00,615.10,329.00,2,370.97
5218.00,3946,-0.74,523.00,617.75,434.00,2,494.33
5218.00,3997,2.57,459.00,615.10,378.00,2,430.97
5221.00,4000,2.00,459.00,596.93,378.00,2,427.94
5221.00,4111,75.91,253.00,615.10,194.00,3,220.13
5222.00,3953,-0.07,518.00,617.75,433.00,2,484.16
5223.00,3955,-0.45,517.00,617.75,433.00,2,485.14
5223.00,4003,4.43,455.00,596.93,373.00,2,427.34
5224.00,4106,74.86,263.00,615.10,191.00,3,229.99
5226.00,4010,2.10,452.00,596.93,368.00,2,419.72
5227.00,4118,77.58,249.00,615.10,188.00,2,212.98
5228.00,3963,-0.97,513.00,617.75,429.00,2,478.00
5228.00,4143,53.83,244.00,615.10,188.00,2,214.19
5229.00,3993,4.33,473.00,617.75,390.00,2,438.96
5229.00,4114,80.34,253.00,605.00,187.00,2,220.87
5231.00,3995,2.95,474.00,617.75,388.00,2,442.10
5232.00,4022,-0.18,446.00,596.93,357.00,2,407.65
5232.00,4171,29.51,239.00,615.10,182.00,3,204.18
5233.00,4032,-0.08,435.00,617.75,351.00,2,402.96
5233.00,4189,17.09,231.00,615.10,177.00,2,203.85
5233.00,4191,17.71,228.00,615.10,176.00,2,197.83
5234.00,4047,1.07,417.00,596.93,329.00,2,383.05
5236.00,4044,-0.36,424.00,617.75,339.00,3,389.79
5236.00,4076,-0.44,386.00,596.93,302.00,2,350.56
5239.00,4098,-0.62,363.00,596.93,275.00,5,326.59
5240.00,4203,18.43,220.00,615.10,161.00,3,180.01
5242.00,4242,2.02,192.00,617.75,149.00,1,163.51
5243.00,4057,-0.83,416.00,617.75,322.00,2,373.80
5243.00,4240,1.40,196.00,615.10,152.00,1,165.27
5245.00,4236,-0.84,205.00,615.10,156.00,1,169.41
5245.00,4239,-0.41,201.00,596.93,156.00,1,169.00
5247.00,4258,6.98,173.00,615.10,121.00,1,136.89
5249.00,4246,0.26,196.00,596.93,147.00,1,161.59
5249.00,4252,-0.88,190.00,617.75,139.00,1,151.85
5249.00,4285,-0.15,150.00,615.10,99.00,1,113.73
5250.00,4294,-0.86,141.00,615.10,90.00,1,110.67
5251.00,4253,0.93,189.00,617.75,137.00,1,154.75
5252.00,4247,2.07,196.00,596.93,145.00,1,161.46
5252.00,4299,1.19,135.00,615.10,85.00,2,104.17
5253.00,4262,5.22,176.00,617.75,124.00,1,141.36
5253.00,4322,-0.18,110.00,615.10,57.00,1,76.43
5254.00,4255,1.55,189.00,596.93,137.00,1,155.57
5254.00,4274,2.94,165.00,617.75,114.00,1,136.47
5255.00,4332,-0.08,100.00,615.10,52.00,1,68.10
5256.00,4256,3.36,188.00,596.93,137.00,1,157.49
5257.00,4301,1.81,137.00,615.10,84.00,1,103.17
5258.00,4257,5.17,187.00,596.93,135.00,1,155.06
5258.00,4302,3.62,135.00,617.75,83.00,1,107.22
5258.00,4333,1.73,100.00,615.10,48.00,1,74.41
5260.00,4265,4.65,180.00,596.93,128.00,1,149.32
5260.00,4369,-0.11,61.00,615.10,8.00,1,29.02
5261.00,4305,3.05,135.00,617.75,82.00,1,102.64
5261.00,4373,1.13,56.00,615.10,5.00,1,24.28
5262.00,4268,4.08,179.00,596.93,126.00,1,147.85
5263.00,4382,1.42,47.00,615.10,0.00,0,19.33
5264.00,4331,-0.89,111.00,617.75,58.00,1,80.54
5268.00,4269,5.89,182.00,596.93,125.00,1,144.78
5270.00,4278,1.18,178.00,596.93,121.00,1,145.84
5270.00,4334,3.54,109.00,617.75,49.00,1,69.05
5271.00,4357,-0.83,87.00,617.75,29.00,1,54.57
5272.00,4281,0.61,177.00,596.93,120.00,1,145.37
5272.00,4381,-0.39,59.00,617.75,2.00,1,26.31
5275.00,4286,1.66,173.00,596.93,114.00,1,138.52
5275.00,4387,-0.53,55.00,617.75,0.00,0,22.37
5276.00,4298,-0.62,162.00,596.93,103.00,1,131.14
5276.00,4388,1.28,53.00,617.75,0.00,0,21.60
5278.00,4323,1.63,132.00,596.93,73.00,1,102.85
5278.00,4389,3.09,52.00,617.75,0.00,0,19.45
5281.00,4349,-0.31,106.00,596.93,46.00,1,74.08
5282.00,4401,-0.19,45.00,617.75,0.00,0,11.35
5284.00,4366,-0.54,89.00,596.93,27.00,1,56.52
5285.00,4371,0.51,83.00,596.93,22.00,1,54.40
5287.00,4406,-0.14,44.00,615.10,0.00,0,5.55
5288.00,4376,0.56,80.00,596.93,18.00,1,51.08
5294.00,4417,-0.23,38.00,615.10,0.00,0,5.04
5304.00,4420,-0.80,45.00,617.75,0.00,0,7.36
5309.00,4426,-0.94,43.00,615.10,0.00,0,4.98
5310.00,4433,-0.27,35.00,615.10,0.00,0,6.07
5313.00,4431,-0.89,41.00,615.10,0.00,0,5.17
5321.00,4434,1.54,43.00,596.93,0.00,0,8.62
5323.00,4438,-0.22,42.00,596.93,0.00,0,12.64
5331.00,4447,-0.93,40.00,617.75,0.00,0,8.49
5334.00,4237,8.97,283.00,596.93,212.00,2,251.63
5334.00,4288,-0.72,232.00,617.75,189.00,1,203.62
5335.00,4319,3.39,192.00,615.10,148.00,1,159.71
5337.00,4325,2.25,188.00,615.10,141.00,1,154.98
5338.00,4306,-0.14,214.00,617.75,168.00,1,182.75
5339.00,4329,3.49,184.00,615.10,134.00,1,155.41
5340.00,4249,-0.31,284.00,596.93,207.00,2,245.67
5341.00,4339,1.59,176.00,615.10,125.00,1,143.43
5342.00,4250,1.50,283.00,596.93,204.00,2,253.03
5342.00,4316,-0.04,206.00,617.75,155.00,1,170.44
5342.00,4354,-0.26,161.00,615.10,111.00,1,130.34
5343.00,4266,-0.54,267.00,596.93,194.00,1,237.91
5344.00,4318,0.58,205.00,617.75,154.00,1,171.40
5344.00,4377,-0.63,136.00,615.10,84.00,1,104.65
5345.00,4267,1.27,266.00,596.93,195.00,2,233.70
5345.00,4386,-0.34,126.00,615.10,77.00,1,99.07
5347.00,4276,1.56,257.00,596.93,194.00,1,227.02
5347.00,4321,4.01,201.00,617.75,148.00,1,165.59
5347.00,4396,-0.24,116.00,615.10,68.00,1,84.91
5349.00,4277,3.37,256.00,596.93,194.00,1,225.16
5349.00,4330,5.30,191.00,617.75,139.00,1,161.09
5349.00,4394,-0.86,121.00,615.10,69.00,2,88.64
5350.00,4279,3.99,254.00,596.93,193.00,1,227.36
5350.00,4407,-0.33,106.00,615.10,56.00,1,79.85
5352.00,4412,5.72,96.00,615.10,43.00,1,64.25
5353.00,4338,-0.22,191.00,617.75,136.00,1,154.95
5354.00,4419,6.39,89.00,615.10,41.00,1,56.86
5356.00,4291,-0.29,250.00,596.93,193.00,1,215.78
5356.00,4416,6.96,94.00,615.10,39.00,1,61.46
5357.00,4348,-0.12,183.00,617.75,127.00,1,148.94
5358.00,4466,-0.54,44.00,615.10,0.00,0,12.77
5359.00,4346,-0.74,188.00,617.75,127.00,1,146.45
5361.00,4303,-0.57,241.00,596.93,183.00,1,202.07
5361.00,4355,1.55,177.00,617.75,119.00,1,141.80
5362.00,4398,0.38,128.00,617.75,71.00,1,97.11
5363.00,4307,1.67,236.00,596.93,177.00,1,203.81
5363.00,4422,5.82,95.00,615.10,42.00,1,63.42
5364.00,4309,2.29,234.00,596.93,176.00,1,204.90
5364.00,4409,3.29,114.00,617.75,57.00,1,84.43
5365.00,4470,-0.30,46.00,615.10,0.00,0,12.87
5366.00,4310,4.10,233.00,596.93,174.00,1,205.61
5367.00,4414,6.34,108.00,615.10,49.00,1,75.75
5368.00,4327,2.87,216.00,596.93,158.00,1,184.74
5370.00,4456,-0.64,68.00,617.75,9.00,1,33.49
5372.00,4356,3.36,185.00,596.93,122.00,1,150.75
5374.00,4364,-0.16,181.00,596.93,120.00,1,147.83
5374.00,4464,-0.16,62.00,617.75,0.00,0,24.11
5375.00,4474,0.94,50.00,617.75,0.00,0,18.97
5376.00,4408,1.48,129.00,596.93,69.00,1,96.86
5382.00,4300,0.00,265.00,617.75,199.00,1,233.59
5382.00,4335,-0.65,224.00,615.10,180.00,1,191.50
5384.00,4320,2.20,241.00,596.93,192.00,1,207.66
5386.00,4315,5.15,246.00,615.10,194.00,1,204.23
5386.00,4336,1.16,225.00,615.10,177.00,1,187.06
5387.00,4312,0.72,255.00,617.75,196.00,1,225.73
5387.00,4328,-0.32,237.00,596.93,189.00,1,204.21
5388.00,4347,0.07,215.00,615.10,165.00,1,183.83
5389.00,4378,-0.82,180.00,615.10,131.00,1,151.38
5390.00,4337,2.97,226.00,596.93,178.00,1,191.23
5390.00,4374,0.94,184.00,615.10,134.00,1,146.28
5391.00,4311,-0.09,261.00,617.75,197.00,1,218.31
5392.00,4324,0.44,246.00,617.75,194.00,1,212.36
5392.00,4383,2.23,174.00,615.10,126.00,1,142.62
5393.00,4341,1.21,226.00,596.93,174.00,1,192.01
5394.00,4362,-0.78,204.00,617.75,152.00,1,170.34
5394.00,4379,0.99,182.00,615.10,132.00,1,146.79
5395.00,4343,1.83,225.00,596.93,174.00,1,191.08
5396.00,4350,-0.50,220.00,596.93,168.00,1,190.50
5396.00,4367,0.27,199.00,617.75,147.00,1,165.61
5396.00,4393,2.33,166.00,615.10,115.00,1,136.64
5398.00,4380,2.80,183.00,617.75,124.00,2,148.53
5399.00,4410,-0.90,152.00,615.10,101.00,1,114.00
5401.00,4423,-0.37,138.00,615.10,85.00,1,106.17
5402.00,4435,-0.65,125.00,615.10,72.00,1,94.02
5403.00,4365,-0.35,209.00,596.93,151.00,1,170.44
5403.00,4384,4.04,182.00,617.75,119.00,2,141.48
5403.00,4445,2.45,111.00,615.10,60.00,1,78.25
5404.00,4370,-0.30,204.00,596.93,147.00,1,173.68
5405.00,4390,-0.10,181.00,617.75,119.00,2,153.46
5405.00,4450,-0.50,110.00,615.10,59.00,1,75.69
5406.00,4372,0.32,203.00,596.93,145.00,1,170.70
5406.00,4402,-0.38,168.00,617.75,111.00,1,140.51
5410.00,4062,-0.78,577.00,596.93,488.00,5,547.11
5410.00,4245,-0.55,359.00,615.10,300.00,4,328.59
5414.00,4063,1.03,578.00,596.93,485.00,6,543.35
5414.00,4064,2.84,575.00,617.75,477.00,4,537.14
5414.00,4254,-0.26,352.00,615.10,292.00,3,322.77
5415.00,4061,-0.59,583.00,617.75,489.00,5,547.98
5416.00,4080,-0.20,561.00,596.93,462.00,7,528.43
5417.00,4251,-0.69,359.00,617.75,295.00,3,329.30
5418.00,4068,-0.92,578.00,596.93,477.00,6,545.72
5419.00,4069,0.89,576.00,617.75,468.00,4,542.12
5420.00,4086,-0.34,558.00,596.93,453.00,7,531.63
5422.00,4270,-0.30,341.00,617.75,275.00,3,305.29
5423.00,4110,75.10,457.00,617.75,358.00,4,426.59
5423.00,4113,76.53,452.00,615.10,356.00,5,419.06
5427.00,4225,11.25,388.00,596.93,318.00,3,349.68
5429.00,4105,73.05,471.00,617.75,362.00,7,431.61
5429.00,4194,17.14,421.00,615.10,343.00,3,390.78
5429.00,4284,-0.96,332.00,596.93,265.00,4,300.19
5430.00,4152,46.12,443.00,617.75,352.00,3,409.17
5430.00,4289,85.09,241.00,596.93,175.00,5,212.84
5432.00,4157,41.17,444.00,617.75,352.00,2,408.77
5432.00,4290,96.90,230.00,596.93,168.00,1,201.25
5434.00,4295,103.95,219.00,615.10,167.00,1,182.46
5435.00,4140,54.40,454.00,615.10,359.00,4,421.29
5436.00,4173,33.13,437.00,617.75,347.00,2,396.90
5436.00,4304,97.24,217.00,615.10,166.00,1,181.40
5437.00,4162,37.22,447.00,596.93,359.00,5,414.74
5437.00,4248,-0.12,382.00,617.75,291.00,3,350.00
5438.00,4182,23.42,438.00,617.75,346.00,3,405.99
5438.00,4326,78.06,212.00,615.10,162.00,1,176.81
5439.00,4172,31.32,443.00,596.93,352.00,5,412.23
5439.00,4345,64.45,204.00,615.10,152.00,1,171.69
5440.00,4204,20.24,417.00,617.75,325.00,2,386.46
5441.00,4351,61.31,202.00,615.10,150.00,1,174.26
5442.00,4353,63.93,198.00,615.10,147.00,1,162.79
5444.00,4195,18.95,433.00,596.93,340.00,4,396.25
5444.00,4211,12.91,420.00,617.75,325.00,2,383.84
5448.00,4459,-0.21,142.00,615.10,99.00,1,113.75
5449.00,4463,4.03,134.00,615.10,89.00,1,103.16
5450.00,4451,-0.69,154.00,617.75,108.00,1,119.62
5451.00,4472,-0.68,130.00,615.10,85.00,1,99.33
5452.00,4460,1.60,143.00,596.93,95.00,1,109.27
5452.00,4461,3.41,140.00,617.75,93.00,1,110.03
5452.00,4476,-0.44,126.00,615.10,79.00,1,96.13
5453.00,4467,2.27,135.00,617.75,90.00,1,104.97
5453.00,4489,-0.91,112.00,596.93,66.00,1,84.23
5455.00,4498,3.38,99.00,615.10,50.00,1,65.84
5456.00,4481,-0.39,124.00,615.10,77.00,1,91.22
5456.00,4490,0.90,112.00,596.93,63.00,1,79.62
5458.00,4492,4.52,108.00,596.93,60.00,1,77.44
5459.00,4519,1.39,80.00,615.10,30.00,1,43.22
5460.00,4528,3.68,68.00,615.10,18.00,1,35.47
5461.00,4491,2.71,114.00,617.75,61.00,1,78.48
5462.00,4496,2.76,109.00,596.93,56.00,1,76.58
5463.00,4518,-0.42,87.00,617.75,33.00,1,52.14
5464.00,4499,5.19,105.00,596.93,54.00,1,73.55
5466.00,4524,0.44,82.00,596.93,30.00,1,51.44
5467.00,4520,3.20,85.00,617.75,29.00,1,49.55
5468.00,4525,2.25,81.00,617.75,29.00,1,49.77
5470.00,4527,1.87,81.00,596.93,28.00,1,47.14
5470.00,4532,4.92,72.00,617.75,18.00,1,39.66
5470.00,4564,-0.16,39.00,615.10,0.00,0,7.19
5472.00,4530,4.30,77.00,596.93,23.00,1,44.35
5472.00,4537,3.97,69.00,617.75,15.00,1,34.97
5477.00,4488,2.28,134.00,615.10,89.00,1,104.81
5478.00,4487,0.47,138.00,615.10,94.00,1,106.43
5480.00,4411,3.91,227.00,596.93,158.00,2,189.28
5480.00,4493,-0.67,134.00,617.75,89.00,1,102.50
5481.00,4495,-0.05,132.00,615.10,81.00,2,97.83
5482.00,4429,0.49,211.00,596.93,142.00,2,182.68
5482.00,4517,1.77,105.00,615.10,60.00,1,72.51
5483.00,4432,-0.08,209.00,596.93,140.00,2,177.29
5484.00,4516,-0.04,110.00,615.10,61.00,2,80.73
5486.00,4442,-0.98,201.00,596.93,130.00,2,167.59
5486.00,4497,0.57,134.00,617.75,82.00,1,94.15
5486.00,4551,-0.69,71.00,615.10,20.00,1,37.53
5487.00,4565,-0.35,55.00,615.10,5.00,1,22.74
5488.00,4446,-0.74,198.00,596.93,124.00,2,167.37
5488.00,4526,-0.94,103.00,617.75,52.00,1,70.21
5489.00,4458,-0.02,184.00,596.93,110.00,2,155.53
5492.00,4502,-0.38,135.00,617.75,77.00,1,89.36
5492.00,4542,-0.98,88.00,617.75,37.00,1,56.45
5494.00,4545,-0.55,86.00,617.75,35.00,1,56.32
5495.00,4485,-0.15,158.00,596.93,91.00,1,126.72
5496.00,4471,1.51,174.00,596.93,94.00,2,135.21
5497.00,4570,-0.30,59.00,617.75,3.00,1,23.48
5498.00,4503,1.43,138.00,596.93,84.00,1,107.92
5500.00,4504,3.24,137.00,596.93,83.00,1,106.22
5503.00,4522,-0.18,122.00,596.93,66.00,1,89.31
5511.00,4392,0.52,284.00,596.93,224.00,2,247.93
5511.00,4404,3.24,267.00,617.75,209.00,2,234.25
5512.00,4437,-0.03,232.00,617.75,172.00,2,199.67
5512.00,4457,2.17,206.00,615.10,143.00,2,171.01
5514.00,4482,0.42,180.00,615.10,121.00,2,144.94
5515.00,4443,-0.17,228.00,617.75,167.00,2,196.55
5515.00,4484,1.04,178.00,615.10,117.00,2,148.25
5516.00,4397,0.57,283.00,596.93,217.00,2,243.69
5517.00,4403,1.43,276.00,596.93,210.00,2,239.12
5517.00,4469,-0.11,199.00,615.10,137.00,2,170.87
5518.00,4444,1.64,228.00,617.75,165.00,2,194.44
5518.00,4479,0.99,187.00,615.10,126.00,2,151.64
5519.00,4418,-0.42,262.00,596.93,198.00,2,231.94
5520.00,4478,-0.82,192.00,615.10,127.00,2,160.88
5520.00,4506,-0.14,158.00,615.10,96.00,1,121.97
5521.00,4425,0.25,255.00,596.93,189.00,2,222.96
5522.00,4509,2.29,154.00,615.10,95.00,1,117.65
5523.00,4428,0.68,253.00,586.83,185.00,2,222.32
5523.00,4508,0.48,158.00,615.10,95.00,1,130.37
5525.00,4505,-0.95,165.00,617.75,96.00,1,129.31
5530.00,4196,20.76,516.00,596.93,419.00,5,483.45
5530.00,4216,14.96,498.00,617.75,399.00,3,467.53
5531.00,4198,21.38,514.00,596.93,416.00,6,484.77
5532.00,4220,11.20,499.00,617.75,400.00,4,468.29
5532.00,4368,63.08,271.00,615.10,214.00,2,240.75
5533.00,4360,63.60,281.00,615.10,222.00,2,242.71
5533.00,4391,44.71,263.00,615.10,205.00,2,233.49
5536.00,4212,13.72,510.00,596.93,407.00,5,475.51
5536.00,4221,12.01,501.00,617.75,397.00,3,467.85
5538.00,4215,13.15,509.00,596.93,409.00,6,477.91
5538.00,4226,13.06,496.00,617.75,394.00,3,462.60
5541.00,4293,103.33,329.00,617.75,239.00,2,294.92
5541.00,4400,43.00,262.00,615.10,196.00,2,220.72
5542.00,4224,9.44,506.00,596.93,400.00,6,469.54
5542.00,4427,25.87,248.00,615.10,184.00,2,215.47
5542.00,4440,22.40,236.00,615.10,174.00,2,205.13
5543.00,4297,104.57,325.00,617.75,237.00,2,291.16
5544.00,4263,-0.97,472.00,596.93,366.00,6,442.21
5544.00,4439,20.59,241.00,615.10,176.00,2,210.73
5545.00,4441,24.21,236.00,615.10,173.00,2,204.11
5546.00,4317,87.77,321.00,617.75,237.00,3,287.66
5547.00,4449,20.69,232.00,615.10,167.00,2,198.78
5548.00,4287,82.47,364.00,596.93,253.00,5,326.51
5549.00,4340,64.40,320.00,617.75,234.00,2,284.99
5549.00,4483,-0.77,215.00,615.10,148.00,2,179.62
5550.00,4308,95.48,328.00,596.93,240.00,2,291.44
5550.00,4342,64.02,319.00,617.75,232.00,2,288.15
5550.00,4500,0.00,195.00,615.10,130.00,2,165.86
5552.00,4344,63.64,319.00,596.93,239.00,3,284.78
5552.00,4501,-0.19,196.00,615.10,127.00,2,161.12
5552.00,4513,-0.47,182.00,615.10,117.00,2,151.16
5553.00,4352,63.12,311.00,617.75,230.00,2,277.40
5554.00,4359,61.79,305.00,596.93,225.00,2,275.72
5555.00,4361,65.41,300.00,596.93,223.00,2,269.23
5555.00,4535,-0.65,159.00,615.10,91.00,2,122.95
5557.00,4405,40.05,275.00,617.75,195.00,3,244.52
5557.00,4543,-0.17,151.00,615.10,82.00,3,120.76
5558.00,4582,2.42,103.00,615.10,56.00,1,73.20
5559.00,4363,66.03,301.00,596.93,222.00,2,267.62
5560.00,4358,60.98,313.00,617.75,228.00,2,271.28
5561.00,4375,57.75,297.00,596.93,217.00,2,267.12
5561.00,4604,-0.76,83.00,615.10,35.00,1,50.75
5562.00,4421,29.01,272.00,617.75,185.00,2,236.78
5563.00,4424,27.44,271.00,617.75,186.00,2,239.19
5564.00,4612,-0.28,76.00,615.10,27.00,1,40.79
5565.00,4385,48.85,298.00,596.93,216.00,2,264.99
5567.00,4395,42.95,294.00,596.93,212.00,2,260.91
5568.00,4452,20.12,250.00,617.75,164.00,2,212.00
5568.00,4616,-0.04,75.00,615.10,23.00,1,35.74
5569.00,4399,41.19,293.00,596.93,208.00,3,259.33
5569.00,4468,5.08,247.00,617.75,161.00,2,218.18
5570.00,4646,-0.74,42.00,615.10,0.00,0,13.69
5572.00,4473,0.13,249.00,617.75,160.00,2,213.69
5573.00,4453,19.93,254.00,596.93,174.00,3,225.60
5576.00,4477,-0.63,249.00,607.65,160.00,2,210.81
5577.00,4475,-0.25,252.00,617.75,159.00,3,216.10
5578.00,4413,32.53,294.00,596.93,208.00,3,262.66
5578.00,4486,-0.34,240.00,596.93,154.00,3,194.95
5579.00,4507,-0.33,216.00,617.75,125.00,2,180.25
5580.00,4539,-0.41,179.00,596.93,93.00,4,149.25
5581.00,4523,-0.37,199.00,617.75,112.00,2,165.97
5582.00,4415,33.15,295.00,596.93,206.00,4,264.64
5584.00,4514,-0.66,213.00,617.75,123.00,2,176.61
5586.00,4430,25.30,289.00,596.93,195.00,4,255.10
5586.00,4510,-0.90,220.00,617.75,127.00,3,185.41
5587.00,4436,21.16,287.00,596.93,194.00,3,257.87
5591.00,4448,18.88,279.00,596.93,182.00,2,245.14
5591.00,4511,-0.09,223.00,617.75,125.00,3,183.59
5591.00,4663,-0.97,43.00,615.10,0.00,0,8.72
5592.00,4515,1.15,218.00,617.75,122.00,3,183.60
5592.00,4630,1.30,81.00,586.83,21.00,1,52.97
5594.00,4480,-0.20,263.00,596.93,166.00,4,232.33
5594.00,4553,7.93,168.00,617.75,76.00,3,137.39
5595.00,4563,21.03,144.00,607.65,72.00,1,111.18
5597.00,4494,-0.86,250.00,596.93,149.00,5,217.45
5599.00,4529,-0.51,210.00,596.93,104.00,4,178.13
5599.00,4583,4.23,141.00,617.75,67.00,2,105.18
5599.00,4672,1.32,38.00,615.10,0.00,0,10.99
5601.00,4544,-0.36,194.00,596.93,87.00,3,164.38
5601.00,4557,4.17,174.00,617.75,75.00,4,141.74
5603.00,4550,-0.50,189.00,596.93,80.00,3,161.23
5603.00,4580,-0.20,153.00,617.75,72.00,2,118.92
5606.00,4581,-0.39,155.00,596.93,66.00,1,124.44
5608.00,4569,21.89,149.00,607.65,66.00,2,111.92
5609.00,4608,-0.52,126.00,617.75,45.00,1,95.61
5610.00,4558,3.98,182.00,596.93,75.00,4,148.18
5611.00,4599,-0.81,139.00,596.93,58.00,1,112.68
5613.00,4571,-0.49,174.00,596.93,82.00,3,145.47
5614.00,4633,-0.27,101.00,617.75,20.00,1,61.27
5616.00,4615,-0.85,125.00,617.75,39.00,1,86.25
5617.00,4617,1.77,121.00,607.65,35.00,1,88.78
5618.00,4586,1.66,159.00,596.93,70.00,2,125.11
5619.00,4649,-0.31,87.00,617.75,2.00,1,54.21
5623.00,4533,5.73,223.00,596.93,166.00,2,193.43
5626.00,4548,-0.12,214.00,596.93,156.00,2,183.60
5626.00,4552,-0.88,210.00,617.75,152.00,2,176.21
5628.00,4554,-0.26,209.00,617.75,149.00,2,180.74
5630.00,4566,-0.54,197.00,615.10,141.00,1,154.61
5630.00,4573,-0.87,189.00,596.93,142.00,1,156.17
5630.00,4575,2.75,183.00,615.10,133.00,1,154.44
5632.00,4577,3.37,182.00,615.10,129.00,1,150.22
5632.00,4585,-0.15,176.00,596.93,127.00,1,145.57
5633.00,4574,0.94,189.00,617.75,140.00,1,153.88
5633.00,4590,-0.10,171.00,615.10,120.00,1,143.94
5635.00,4587,0.47,176.00,617.75,124.00,1,143.43
5636.00,4595,-0.05,168.00,596.93,117.00,1,133.25
5636.00,4600,0.00,162.00,615.10,111.00,1,125.79
5637.00,4597,0.57,166.00,617.75,115.00,1,134.40
5637.00,4603,-0.57,160.00,596.93,110.00,1,131.57
5637.00,4610,-0.90,152.00,615.10,98.00,1,123.30
5639.00,4605,0.05,159.00,615.10,107.00,1,126.07
5639.00,4645,1.45,110.00,615.10,56.00,2,78.14
5640.00,4665,1.65,87.00,615.10,33.00,1,53.24
5641.00,4611,0.91,153.00,596.93,100.00,1,118.55
5642.00,4623,-0.37,141.00,596.93,90.00,1,114.16
5642.00,4678,1.18,74.00,615.10,23.00,1,42.60
5643.00,4614,0.34,152.00,617.75,98.00,1,116.72
5644.00,4677,-0.63,79.00,615.10,22.00,1,46.28
5645.00,4648,0.88,113.00,617.75,56.00,1,77.47
5645.00,4694,-0.86,60.00,615.10,9.00,2,28.84
5646.00,4666,3.46,90.00,617.75,36.00,1,65.00
5647.00,4636,-0.84,131.00,586.83,75.00,1,96.87
5647.00,4711,0.91,40.00,615.10,0.00,0,9.10
5648.00,4644,-0.36,122.00,596.93,68.00,1,90.32
5650.00,4673,0.13,89.00,615.10,31.00,1,53.57
5652.00,4662,-0.78,105.00,596.93,48.00,1,71.66
5653.00,4664,-0.16,103.00,596.93,48.00,1,74.73
5653.00,4686,-0.34,77.00,617.75,18.00,1,40.29
5655.00,4698,-0.62,65.00,617.75,6.00,1,32.32
5656.00,4667,4.27,98.00,596.93,40.00,1,66.33
5656.00,4716,-0.04,44.00,615.10,0.00,0,10.99
5657.00,4705,-0.95,59.00,617.75,0.00,0,25.50
5658.00,4722,0.82,38.00,605.00,0.00,0,7.59
5659.00,4706,-0.14,59.00,617.75,0.00,0,25.23
5660.00,4681,0.61,89.00,596.93,27.00,1,53.39
5662.00,4701,-0.19,68.00,596.93,8.00,1,34.52
5664.00,4707,1.67,61.00,617.75,0.00,0,23.56
5665.00,4709,1.29,60.00,617.75,0.00,0,29.39
5667.00,4719,-0.61,52.00,617.75,0.00,0,18.21
5670.00,4720,1.20,52.00,617.75,0.00,0,15.45
5673.00,4721,2.01,53.00,617.75,0.00,0,16.93
5676.00,4531,-0.89,285.00,596.93,228.00,2,256.07
5677.00,4593,1.33,210.00,615.10,167.00,1,181.27
5678.00,4598,1.38,205.00,617.75,161.00,1,173.65
5680.00,4561,-0.59,253.00,596.93,193.00,2,221.77
5680.00,4601,-0.19,205.00,615.10,159.00,1,173.62
5681.00,4621,1.01,181.00,615.10,130.00,2,155.57
5682.00,4576,-0.44,237.00,596.93,175.00,2,205.12
5682.00,4627,-0.13,176.00,615.10,125.00,1,144.01
5685.00,4579,-0.01,236.00,596.93,171.00,2,204.48
5686.00,4653,-0.07,149.00,615.10,98.00,1,111.84
5687.00,4584,-0.96,233.00,596.93,167.00,1,201.45
5687.00,4606,-0.14,206.00,617.75,153.00,1,167.02
5688.00,4638,-0.22,169.00,617.75,119.00,1,136.55
5688.00,4651,-0.69,154.00,615.10,102.00,2,122.85
5689.00,4592,-0.48,225.00,596.93,165.00,1,197.42
5689.00,4676,-0.44,125.00,615.10,74.00,1,96.45
5690.00,4643,-0.17,165.00,617.75,114.00,1,130.77
5691.00,4657,-0.83,150.00,617.75,98.00,1,119.32
5691.00,4684,-0.96,118.00,615.10,66.00,1,89.32
5693.00,4596,0.76,223.00,596.93,164.00,1,191.81
5694.00,4609,-0.71,210.00,596.93,159.00,1,180.37
5694.00,4687,1.47,115.00,615.10,61.00,1,76.17
5695.00,4660,1.60,148.00,617.75,95.00,1,112.26
5695.00,4704,-0.76,98.00,615.10,45.00,1,68.30
5697.00,4715,0.15,86.00,615.10,31.00,2,58.44
5698.00,4620,-0.80,201.00,596.93,149.00,1,169.04
5698.00,4661,2.41,149.00,617.75,93.00,1,113.60
5699.00,4738,-0.22,61.00,615.10,7.00,2,32.82
5700.00,4625,-0.75,197.00,596.93,143.00,1,168.71
5700.00,4674,-0.06,138.00,617.75,83.00,1,105.67
5702.00,4629,0.49,193.00,596.93,138.00,1,162.35
5702.00,4755,-0.45,44.00,615.10,0.00,0,12.30
5704.00,4631,1.11,192.00,596.93,138.00,1,163.49
5704.00,4697,-0.43,115.00,617.75,57.00,1,77.63
5707.00,4729,-0.51,80.00,617.75,18.00,1,42.12
5708.00,4659,-0.21,164.00,596.93,107.00,1,133.06
5709.00,4747,-0.93,61.00,617.75,0.00,0,24.71
5711.00,4748,0.88,60.00,617.75,0.00,0,25.39
5714.00,4546,0.26,304.00,615.10,252.00,2,276.17
5715.00,4454,-0.26,415.00,596.93,345.00,3,385.35
5715.00,4512,3.72,342.00,607.65,280.00,2,313.77
5717.00,4455,1.55,414.00,596.93,341.00,3,384.02
5717.00,4534,-0.46,322.00,617.75,267.00,2,292.75
5717.00,4555,-0.45,297.00,615.10,241.00,2,264.56
5719.00,4462,-0.78,410.00,596.93,336.00,3,381.69
5720.00,4559,0.79,294.00,615.10,236.00,2,260.17
5722.00,4540,1.40,318.00,617.75,257.00,2,284.04
5722.00,4572,-0.68,282.00,615.10,225.00,2,255.50
5723.00,4578,-0.82,276.00,615.10,217.00,2,243.72
5724.00,4465,-0.35,411.00,596.93,331.00,3,376.93
5724.00,4541,3.21,317.00,617.75,255.00,2,287.56
5724.00,4589,0.09,263.00,605.00,205.00,2,231.42
5725.00,4521,-0.99,346.00,596.93,277.00,2,316.80
5726.00,4602,-0.38,250.00,615.10,189.00,2,219.35
5727.00,4536,0.16,329.00,596.93,266.00,2,301.54
5730.00,4538,0.78,329.00,596.93,263.00,2,296.33
5730.00,4547,2.07,317.00,617.75,250.00,2,280.21
5730.00,4607,-0.33,248.00,615.10,186.00,2,212.70
5732.00,4556,1.36,309.00,617.75,242.00,2,279.39
5732.00,4613,-0.47,243.00,615.10,181.00,1,207.48
5733.00,4626,0.06,228.00,615.10,178.00,1,199.99
5733.00,4632,-0.08,221.00,615.10,171.00,1,192.00
5734.00,4568,2.08,296.00,617.75,226.00,2,261.27
5735.00,4549,2.69,319.00,596.93,250.00,2,283.16
5737.00,4560,2.60,308.00,596.93,238.00,2,277.23
5737.00,4588,-0.72,278.00,617.75,207.00,2,242.39
5737.00,4635,1.35,220.00,615.10,169.00,1,185.32
5738.00,4594,0.14,271.00,617.75,201.00,2,236.67
5738.00,4640,-0.60,217.00,615.10,165.00,2,183.20
5739.00,4618,-0.42,244.00,615.10,180.00,1,211.90
5740.00,4562,3.22,308.00,596.93,236.00,2,274.25
5740.00,4669,-0.11,184.00,615.10,132.00,1,150.59
5742.00,4567,0.27,307.00,596.93,235.00,2,273.35
5742.00,4670,1.70,183.00,615.10,128.00,1,149.25
5743.00,4619,1.39,245.00,617.75,180.00,1,211.94
5743.00,4682,-0.58,172.00,615.10,123.00,1,141.39
5744.00,4591,0.71,280.00,596.93,208.00,2,248.10
5745.00,4675,-0.25,182.00,615.10,131.00,1,154.96
5746.00,4700,0.00,153.00,615.10,104.00,1,125.99
5747.00,4624,-0.56,245.00,617.75,180.00,1,206.52
5748.00,4642,3.02,221.00,615.10,161.00,1,183.22
5748.00,4732,-0.08,117.00,615.10,67.00,1,89.18
5749.00,4634,0.54,234.00,617.75,173.00,1,198.43
5749.00,4652,-0.88,214.00,596.93,155.00,1,182.36
5750.00,4758,-0.02,88.00,615.10,36.00,1,55.39
5751.00,4773,0.13,71.00,615.10,21.00,1,39.54
5753.00,4656,-0.64,213.00,596.93,151.00,1,177.72
5754.00,4641,1.21,230.00,617.75,166.00,1,188.64
5754.00,4688,-0.72,176.00,596.93,114.00,1,148.87
5755.00,4647,0.07,225.00,617.75,162.00,1,189.59
5757.00,4658,-0.02,214.00,617.75,150.00,1,178.08
5757.00,4691,-0.29,175.00,615.10,109.00,2,143.17
5758.00,4679,-0.01,190.00,615.10,123.00,2,156.12
5759.00,4724,-0.56,138.00,596.93,77.00,1,109.21
5759.00,4763,0.03,91.00,615.10,33.00,1,50.37
5760.00,4708,-0.52,158.00,615.10,95.00,1,120.26
5760.00,4753,-0.07,104.00,615.10,43.00,1,65.28
5761.00,4696,-0.24,173.00,615.10,108.00,1,141.18
5761.00,4765,0.65,90.00,596.93,30.00,1,60.65
5764.00,4714,-0.66,155.00,617.75,89.00,1,118.73
5766.00,4717,-0.23,153.00,617.75,87.00,1,123.41
5766.00,4769,-0.11,91.00,596.93,29.00,1,57.32
5767.00,4718,-0.42,153.00,617.75,86.00,1,124.75
5771.00,4710,-0.90,167.00,615.10,118.00,1,137.61
5772.00,4622,-0.18,272.00,596.93,183.00,3,238.25
5773.00,4654,4.74,230.00,617.75,150.00,1,194.99
5774.00,4628,-0.32,267.00,596.93,176.00,3,234.35
5775.00,4668,-0.92,221.00,617.75,148.00,1,186.79
5777.00,4683,-0.77,205.00,617.75,148.00,1,170.89
5777.00,4712,-0.28,170.00,615.10,118.00,1,129.92
5779.00,4725,0.25,156.00,615.10,102.00,1,119.51
5781.00,4637,-0.03,263.00,596.93,166.00,3,222.57
5783.00,4742,3.02,137.00,617.75,93.00,1,106.84
5784.00,4754,-0.26,127.00,615.10,80.00,1,92.94
5786.00,4735,-0.65,152.00,596.93,102.00,1,112.81
5786.00,4746,1.26,137.00,617.75,92.00,1,103.72
5787.00,4740,-0.60,147.00,596.93,99.00,1,111.78
5787.00,4803,2.43,69.00,615.10,21.00,1,32.73
5788.00,4741,1.21,145.00,596.93,99.00,1,114.89
5788.00,4777,-0.63,104.00,617.75,55.00,1,74.55
5788.00,4801,1.81,73.00,615.10,20.00,2,38.54
5790.00,4749,0.69,138.00,596.93,90.00,1,106.87
5791.00,4811,0.91,65.00,615.10,13.00,1,27.36
5792.00,4813,4.53,60.00,615.10,10.00,1,27.57
5794.00,4764,-0.16,125.00,596.93,74.00,1,90.72
5794.00,4791,-0.29,93.00,617.75,39.00,1,55.76
5794.00,4817,5.77,56.00,615.10,2.00,2,26.92
5795.00,4804,4.24,74.00,617.75,22.00,1,44.78
5796.00,4768,-0.92,123.00,596.93,70.00,1,91.60
5796.00,4823,9.63,47.00,615.10,0.00,0,15.28
5798.00,4805,6.05,74.00,617.75,19.00,1,38.49
5798.00,4819,6.39,57.00,615.10,6.00,1,25.20
5799.00,4771,-0.49,122.00,596.93,70.00,1,87.85
5800.00,4821,7.01,56.00,617.75,3.00,1,25.20
5800.00,4841,0.21,39.00,615.10,0.00,0,6.27
5801.00,4783,-0.77,110.00,596.93,59.00,1,80.38
5801.00,4822,8.82,54.00,617.75,1.00,1,23.26
5802.00,4800,0.00,90.00,596.93,37.00,1,60.87
5802.00,4834,5.54,44.00,615.10,0.00,0,10.26
5804.00,4812,2.72,75.00,596.93,21.00,1,45.24
5804.00,4833,3.73,49.00,615.10,0.00,0,17.18
5806.00,4848,0.88,36.00,615.10,0.00,0,6.32
5808.00,4814,6.34,73.00,596.93,18.00,1,41.60
5809.00,4828,6.68,57.00,596.93,1.00,1,28.93
5810.00,4852,-0.88,37.00,615.10,0.00,0,5.34
5813.00,4847,-0.93,46.00,596.93,0.00,0,12.60
5817.00,4853,0.93,41.00,596.93,0.00,0,8.89
5824.00,4862,-0.78,39.00,617.75,0.00,0,8.84
5826.00,4866,0.46,35.00,615.10,0.00,0,5.55
5828.00,4857,-0.83,49.00,596.93,0.00,0,8.74
5829.00,4864,-0.16,41.00,615.10,0.00,0,5.80
5846.00,4877,-0.63,43.00,596.93,0.00,0,8.91
5846.00,4882,-0.58,37.00,615.10,0.00,0,4.87
5857.00,4887,-0.53,42.00,617.75,0.00,0,9.24
5874.00,4901,-0.19,42.00,596.93,0.00,0,8.73
5875.00,4902,1.62,40.00,596.93,0.00,0,10.57
5883.00,4912,-0.28,38.00,615.10,0.00,0,4.60
5888.00,4680,-0.20,319.00,596.93,261.00,2,289.12
5889.00,4762,-0.78,223.00,615.10,177.00,1,192.90
5892.00,4685,0.85,316.00,596.93,251.00,2,283.38
5892.00,4778,-0.82,207.00,615.10,161.00,1,173.20
5892.00,4785,-0.15,198.00,615.10,154.00,1,170.40
5894.00,4774,-0.06,213.00,617.75,161.00,1,172.17
5894.00,4780,-0.20,206.00,617.75,158.00,1,170.52
5895.00,4792,0.52,192.00,615.10,146.00,1,161.58
5896.00,4689,2.09,314.00,596.93,247.00,2,279.18
5897.00,4790,-0.10,197.00,615.10,144.00,1,156.84
5898.00,4690,3.90,313.00,596.93,245.00,2,281.07
5898.00,4793,6.33,188.00,605.00,140.00,1,159.87
5899.00,4796,-0.24,192.00,617.75,144.00,1,160.65
5900.00,4699,-0.81,309.00,596.93,240.00,2,277.62
5900.00,4797,1.57,190.00,615.10,137.00,1,151.76
5902.00,4808,1.48,179.00,615.10,127.00,1,144.94
5903.00,4713,-0.47,295.00,596.93,224.00,2,262.90
5903.00,4802,1.62,187.00,617.75,136.00,1,151.56
5903.00,4818,1.58,168.00,615.10,115.00,1,136.57
5905.00,4743,-0.17,261.00,596.93,190.00,2,227.47
5905.00,4807,-0.33,185.00,617.75,135.00,1,157.82
5905.00,4832,-0.08,155.00,615.10,102.00,1,125.25
5907.00,4751,0.31,253.00,596.93,179.00,2,225.85
5907.00,4809,3.29,181.00,617.75,129.00,1,147.26
5907.00,4839,-0.41,149.00,615.10,94.00,1,114.48
5908.00,4840,1.40,147.00,615.10,93.00,2,115.00
5909.00,4820,2.20,171.00,617.75,119.00,1,137.60
5910.00,4860,-0.40,127.00,615.10,74.00,1,93.66
5910.00,4883,-0.77,100.00,615.10,44.00,1,69.39
5911.00,4915,0.15,62.00,615.10,12.00,1,30.83
5912.00,4757,0.17,251.00,596.93,174.00,2,214.47
5912.00,4868,-0.92,120.00,615.10,67.00,1,91.61
5913.00,4767,-0.73,241.00,596.93,171.00,1,209.80
5915.00,4798,3.38,202.00,596.93,146.00,1,170.36
5915.00,4934,-0.46,44.00,615.10,0.00,0,6.80
5917.00,4869,0.89,122.00,617.75,66.00,1,86.28
5920.00,4893,-0.67,98.00,617.75,42.00,1,66.40
5921.00,4810,5.10,192.00,596.93,131.00,1,153.44
5921.00,4815,2.15,189.00,596.93,131.00,1,165.61
5922.00,4884,1.04,109.00,617.75,49.00,1,66.75
5923.00,4830,-0.70,176.00,596.93,116.00,1,144.60
5924.00,4910,-0.90,82.00,617.75,23.00,1,48.68
5925.00,4914,-0.66,78.00,617.75,21.00,1,49.10
5926.00,4843,0.83,162.00,596.93,102.00,1,130.37
5926.00,4930,-0.70,60.00,617.75,2.00,1,32.50
5929.00,4845,2.45,161.00,586.83,99.00,1,128.05
5931.00,4854,-0.26,155.00,596.93,91.00,1,122.13
5932.00,4954,-0.26,37.00,615.10,0.00,0,5.54
5933.00,4856,0.36,154.00,596.93,90.00,1,124.09
5936.00,4865,-0.35,147.00,596.93,83.00,1,115.28
5941.00,4873,-0.87,143.00,596.93,74.00,1,106.91
5941.00,4959,2.79,37.00,615.10,0.00,0,6.21
5943.00,4875,-0.25,142.00,596.93,72.00,1,109.68
5943.00,4956,3.36,42.00,615.10,0.00,0,5.50
5944.00,4961,4.41,36.00,605.00,0.00,0,6.09
5946.00,4879,-0.01,140.00,596.93,72.00,1,103.92
5948.00,4894,0.14,124.00,596.93,54.00,1,91.90
5951.00,4896,0.76,124.00,596.93,53.00,1,87.36
5953.00,4897,2.57,123.00,596.93,52.00,1,88.35
5953.00,4969,-0.11,40.00,617.75,0.00,0,7.72
5955.00,4918,-0.42,103.00,596.93,33.00,1,69.39
5957.00,4955,1.55,59.00,596.93,0.00,0,30.64
5960.00,4974,-0.06,41.00,596.93,0.00,0,9.31
5965.00,4784,-0.96,273.00,596.93,209.00,2,245.54
5969.00,4824,-0.56,229.00,615.10,181.00,1,193.08
5970.00,4736,-0.84,335.00,617.75,262.00,2,297.54
5970.00,4787,-0.53,274.00,596.93,204.00,2,239.59
5971.00,4752,-0.88,317.00,617.75,242.00,2,285.37
5971.00,4842,-0.98,210.00,615.10,160.00,1,177.09
5972.00,4826,0.06,229.00,596.93,181.00,1,194.72
5972.00,4849,-0.31,202.00,615.10,152.00,1,169.94
5974.00,4858,-0.02,193.00,615.10,144.00,1,160.79
5975.00,4756,-0.64,316.00,607.65,238.00,2,276.80
5975.00,4827,1.87,229.00,596.93,180.00,1,194.35
5977.00,4760,0.60,312.00,617.75,233.00,2,275.42
5977.00,4829,2.49,228.00,596.93,178.00,1,197.35
5977.00,4859,1.79,193.00,615.10,142.00,1,154.90
5978.00,4761,0.41,312.00,617.75,232.00,2,277.78
5979.00,4835,-0.65,226.00,596.93,175.00,1,194.21
5979.00,4870,-0.30,184.00,615.10,130.00,1,147.83
5980.00,4770,1.70,302.00,617.75,224.00,2,271.44
5980.00,4871,1.51,182.00,615.10,126.00,1,145.79
5980.00,4878,2.18,173.00,615.10,121.00,2,143.85
5982.00,4863,0.03,195.00,596.93,144.00,1,162.57
5982.00,4876,1.56,178.00,615.10,125.00,1,145.31
5983.00,4788,1.28,284.00,617.75,203.00,2,251.28
5983.00,4898,-0.62,155.00,615.10,106.00,1,125.03
5984.00,4867,-0.73,193.00,596.93,141.00,1,163.22
5985.00,4789,1.09,285.00,617.75,203.00,2,255.29
5985.00,4895,-0.05,160.00,615.10,105.00,2,126.88
5986.00,4885,-0.15,173.00,596.93,121.00,1,142.07
5986.00,4909,1.29,143.00,615.10,94.00,1,111.48
5988.00,4935,-0.65,116.00,615.10,66.00,1,84.87
5989.00,4806,-0.14,270.00,617.75,190.00,1,236.53
5989.00,4899,1.19,158.00,615.10,101.00,1,128.22
5990.00,4907,0.67,150.00,615.10,92.00,2,119.79
5990.00,4952,1.12,96.00,615.10,45.00,1,63.43
5991.00,4916,-0.04,141.00,596.93,87.00,1,113.46
5991.00,4973,-0.87,74.00,615.10,25.00,1,44.65
5993.00,4997,-0.43,47.00,615.10,0.00,0,15.11
5994.00,4872,3.32,193.00,617.75,133.00,1,153.16
5995.00,4881,1.61,185.00,617.75,124.00,1,151.98
5996.00,4945,-0.55,112.00,615.10,51.00,2,78.19
5997.00,4886,1.66,181.00,617.75,122.00,1,147.76
5997.00,4962,-0.78,93.00,596.93,37.00,1,64.06
6000.00,4968,-0.92,89.00,596.93,32.00,1,57.17
6002.00,4891,-0.29,182.00,617.75,118.00,1,142.20
6002.00,4972,-0.68,86.00,586.83,28.00,1,55.21
6003.00,5012,-0.28,39.00,615.10,0.00,0,7.09
6004.00,4903,-0.57,170.00,617.75,107.00,1,137.44
6006.00,4904,0.24,170.00,617.75,106.00,1,134.35
6007.00,4906,-0.14,169.00,617.75,106.00,1,138.41
6009.00,4920,-0.80,155.00,617.75,93.00,1,122.30
6013.00,4639,0.59,492.00,596.93,394.00,4,461.03
6015.00,4692,-0.48,432.00,617.75,379.00,2,398.31
6016.00,4727,3.87,387.00,615.10,334.00,2,349.44
6016.00,4728,5.68,384.00,615.10,330.00,2,353.11
6017.00,4650,-0.50,484.00,596.93,383.00,4,450.16
6017.00,4723,-0.37,397.00,617.75,346.00,2,367.39
6018.00,4655,4.55,474.00,596.93,377.00,3,445.51
6020.00,4734,10.54,376.00,615.10,321.00,2,339.03
6021.00,4671,-0.49,463.00,596.93,372.00,2,430.83
6022.00,4730,6.30,387.00,617.75,328.00,2,349.43
6022.00,4745,9.45,366.00,615.10,307.00,2,332.25
6024.00,4693,0.33,439.00,596.93,371.00,2,406.28
6024.00,4731,8.11,386.00,617.75,325.00,2,348.80
6024.00,4766,-0.54,353.00,615.10,294.00,2,315.35
6025.00,4733,8.73,384.00,617.75,323.00,2,354.44
6025.00,4772,-0.68,347.00,615.10,289.00,2,313.66
6026.00,4695,0.95,438.00,596.93,372.00,2,411.42
6027.00,4739,10.59,377.00,617.75,316.00,2,344.01
6027.00,4786,-0.34,332.00,615.10,270.00,2,301.90
6029.00,4799,-0.81,319.00,615.10,256.00,2,285.25
6029.00,4837,0.97,272.00,615.10,222.00,1,241.79
6030.00,4702,-0.38,435.00,596.93,370.00,2,400.54
6030.00,4744,7.64,377.00,617.75,314.00,2,343.92
6031.00,4703,1.43,433.00,596.93,369.00,2,403.81
6031.00,4759,-0.21,368.00,617.75,306.00,2,336.63
6032.00,4844,-0.36,268.00,615.10,217.00,1,232.40
6033.00,4846,0.26,266.00,615.10,215.00,1,236.39
6034.00,4850,-0.50,263.00,615.10,212.00,1,229.13
6035.00,4776,1.56,350.00,617.75,285.00,2,313.37
6035.00,4861,-0.59,251.00,615.10,200.00,1,220.58
6037.00,4726,2.06,411.00,596.93,342.00,2,372.05
6037.00,4779,-0.01,350.00,617.75,285.00,2,317.06
6037.00,4889,0.09,219.00,615.10,170.00,1,188.72
6038.00,4917,-0.23,187.00,615.10,136.00,1,156.45
6039.00,4737,9.97,392.00,596.93,324.00,3,363.95
6039.00,4781,-0.39,350.00,617.75,281.00,2,315.33
6040.00,4750,6.50,381.00,596.93,312.00,2,351.73
6040.00,4923,-0.37,182.00,615.10,134.00,1,151.92
6042.00,4795,0.95,335.00,617.75,266.00,2,301.34
6042.00,4931,1.11,173.00,615.10,123.00,1,141.69
6043.00,4775,-0.25,361.00,596.93,289.00,2,327.04
6044.00,4938,1.78,166.00,615.10,114.00,1,134.58
6045.00,4782,0.42,354.00,596.93,280.00,2,321.33
6046.00,4825,-0.75,305.00,617.75,232.00,2,269.00
6046.00,4946,-0.74,161.00,615.10,112.00,1,129.92
6048.00,4949,-0.31,159.00,615.10,108.00,1,130.05
6049.00,4831,-0.89,301.00,617.75,225.00,2,262.51
6050.00,4794,-0.86,346.00,596.93,269.00,3,309.17
6050.00,4965,-0.35,142.00,615.10,90.00,2,110.41
6051.00,4838,2.78,291.00,617.75,224.00,1,256.80
6052.00,4855,-0.45,275.00,617.75,214.00,1,241.10
6053.00,4816,-0.04,322.00,596.93,243.00,2,285.39
6053.00,4975,-0.25,133.00,615.10,81.00,1,97.37
6058.00,4913,1.53,210.00,596.93,166.00,1,177.01
6058.00,4936,-0.84,185.00,615.10,143.00,1,158.84
6059.00,4925,-0.75,199.00,617.75,152.00,1,165.17
6060.00,4921,-0.99,205.00,596.93,161.00,1,177.54
6060.00,4929,0.49,194.00,615.10,145.00,1,157.84
6062.00,4940,1.40,182.00,615.10,131.00,1,147.97
6062.00,4944,2.64,176.00,617.75,131.00,1,146.49
6063.00,4960,1.60,159.00,615.10,109.00,1,132.90
6065.00,4926,1.06,202.00,596.93,152.00,1,165.16
6065.00,4967,-0.73,155.00,615.10,104.00,1,120.43
6067.00,4932,-0.08,198.00,596.93,148.00,1,165.45
6067.00,4984,1.04,135.00,615.10,84.00,1,101.41
6068.00,4957,-0.83,170.00,617.75,118.00,1,134.87
6069.00,4939,-0.41,192.00,596.93,141.00,1,156.58
6069.00,4958,0.98,168.00,617.75,117.00,1,141.36
6069.00,4988,2.28,131.00,615.10,82.00,1,94.99
6071.00,4942,2.02,188.00,596.93,138.00,1,158.10
6071.00,4970,-0.30,157.00,617.75,105.00,1,127.61
6071.00,4986,1.66,136.00,615.10,81.00,2,104.12
6072.00,4994,0.14,129.00,615.10,79.00,1,96.58
6074.00,4948,0.88,185.00,596.93,133.00,1,151.83
6074.00,5004,-0.76,120.00,615.10,66.00,1,87.85
6076.00,4953,-0.07,182.00,596.93,130.00,1,148.46
6076.00,4977,-0.63,154.00,617.75,97.00,1,116.73
6077.00,4979,-0.01,152.00,617.75,95.00,1,121.46
6077.00,5006,-0.14,120.00,615.10,64.00,2,83.73
6078.00,4963,1.03,171.00,596.93,116.00,1,140.12
6078.00,5011,-0.09,115.00,615.10,59.00,2,81.47
6079.00,4971,1.51,162.00,596.93,108.00,1,133.97
6079.00,4983,-0.77,150.00,617.75,96.00,1,116.72
6080.00,4990,2.90,139.00,617.75,85.00,1,111.10
6080.00,5020,1.20,105.00,615.10,50.00,2,69.84
6081.00,5047,1.07,74.00,615.10,22.00,1,40.97
6082.00,4995,1.95,136.00,596.93,82.00,1,105.45
6083.00,5046,-0.74,79.00,615.10,25.00,2,43.69
6084.00,5000,0.00,134.00,617.75,79.00,1,100.03
6085.00,5019,-0.61,113.00,615.10,58.00,1,80.35
6085.00,5071,-0.49,51.00,615.10,0.00,0,23.68
6086.00,5022,1.82,108.00,615.10,50.00,1,79.72
6086.00,5026,0.06,105.00,596.93,47.00,2,71.76
6087.00,5054,-0.26,73.00,615.10,14.00,1,45.92
6089.00,5029,0.49,104.00,596.93,44.00,1,70.27
6090.00,5087,-0.53,37.00,615.10,0.00,0,8.09
6091.00,5040,-0.60,94.00,617.75,35.00,1,60.85
6093.00,5051,-0.69,83.00,617.75,22.00,1,50.48
6094.00,5072,1.32,57.00,596.93,0.00,0,20.03
6095.00,5055,1.55,78.00,617.75,19.00,1,45.65
6096.00,5076,1.56,54.00,596.93,0.00,0,18.59
6099.00,5058,-0.02,80.00,617.75,16.00,1,44.40
6100.00,5061,-0.59,78.00,617.75,14.00,1,47.36
6102.00,5075,0.75,62.00,617.75,1.00,1,30.76
6104.00,5092,-0.48,45.00,617.75,0.00,0,14.31
6106.00,5094,0.14,44.00,617.75,0.00,0,14.68
6107.00,5098,-0.62,41.00,596.93,0.00,0,9.84
6113.00,4989,-0.91,177.00,596.93,134.00,1,146.45
6113.00,4999,-0.81,165.00,615.10,119.00,1,134.90
6115.00,5021,0.01,140.00,615.10,91.00,1,109.41
6116.00,4993,0.33,174.00,596.93,128.00,1,142.73
6117.00,4976,0.56,195.00,617.75,144.00,1,156.78
6117.00,5034,0.54,126.00,615.10,76.00,1,95.82
6118.00,4980,-0.20,192.00,617.75,144.00,1,157.62
6119.00,5048,-0.12,112.00,615.10,64.00,1,81.00
6121.00,4991,-0.29,182.00,617.75,133.00,1,147.86
6121.00,5017,1.77,149.00,596.93,97.00,1,112.22
6121.00,5050,3.50,108.00,615.10,57.00,1,76.29
6122.00,5001,-0.19,171.00,617.75,123.00,1,141.25
6122.00,5032,-0.08,134.00,596.93,86.00,1,106.42
6123.00,5062,-0.78,100.00,615.10,49.00,1,67.56
6124.00,5038,-0.22,129.00,596.93,80.00,1,97.85
6126.00,5013,-0.47,161.00,617.75,109.00,1,124.67
6126.00,5039,1.59,128.00,596.93,79.00,1,97.72
6127.00,5057,-0.83,110.00,596.93,62.00,1,84.33
6129.00,5016,-0.04,160.00,617.75,105.00,1,122.58
6131.00,5120,-0.80,39.00,615.10,0.00,0,9.70
6132.00,5049,1.69,122.00,617.75,66.00,1,83.45
6134.00,5064,-0.16,108.00,617.75,53.00,1,71.46
6136.00,5065,1.65,107.00,617.75,51.00,1,71.55
6137.00,5066,2.46,106.00,596.93,45.00,1,63.34
6137.00,5068,3.08,103.00,596.93,44.00,1,67.59
6137.00,5074,-0.06,99.00,617.75,44.00,1,66.86
6138.00,5124,0.44,40.00,615.10,0.00,0,6.87
6139.00,5079,0.99,94.00,596.93,37.00,1,59.12
6140.00,5078,-0.82,98.00,617.75,40.00,1,63.80
6141.00,5080,2.80,93.00,596.93,34.00,1,60.00
6143.00,5106,-0.14,67.00,617.75,8.00,1,32.47
6144.00,5083,2.23,93.00,596.93,34.00,1,59.14
6144.00,5128,-0.32,42.00,615.10,0.00,0,6.27
6146.00,5095,-0.05,83.00,596.93,25.00,1,54.97
6146.00,5112,-0.28,63.00,617.75,3.00,1,26.79
6147.00,5130,3.30,39.00,615.10,0.00,0,8.74
6148.00,5100,0.00,79.00,596.93,20.00,1,46.66
6148.00,5113,1.53,62.00,617.75,1.00,1,35.08
6150.00,5117,-0.23,61.00,596.93,0.00,0,31.90
6154.00,5122,-0.18,59.00,596.93,0.00,0,26.45
6156.00,5129,1.49,51.00,596.93,0.00,0,18.99
6156.00,5133,3.73,44.00,617.75,0.00,0,8.63
6159.00,5135,4.35,44.00,617.75,0.00,0,7.68
6160.00,5141,3.21,39.00,615.10,0.00,0,5.24
6162.00,5140,1.40,44.00,596.93,0.00,0,8.26
6175.00,5154,-0.26,42.00,596.93,0.00,0,8.41
6178.00,5158,-0.02,40.00,617.75,0.00,0,6.97
6188.00,5166,-0.54,41.00,596.93,0.00,0,9.01
6193.00,5170,-0.30,41.00,596.93,0.00,0,9.62
6197.00,5174,-0.06,40.00,617.75,0.00,0,7.44
6202.00,5177,-0.63,42.00,617.75,0.00,0,7.84
6211.00,5024,-0.56,233.00,596.93,189.00,1,201.60
6211.00,5035,-0.65,220.00,615.10,176.00,1,191.49
6213.00,4922,-0.18,356.00,617.75,287.00,2,322.84
6214.00,5030,-0.70,229.00,596.93,184.00,1,197.62
6215.00,4924,-0.56,356.00,617.75,287.00,2,322.35
6215.00,5037,2.97,218.00,615.10,170.00,1,184.46
6217.00,4943,-0.17,335.00,617.75,266.00,2,303.58
6218.00,5031,1.11,230.00,596.93,182.00,1,195.74
6218.00,5042,0.02,218.00,615.10,168.00,1,181.43
6220.00,5036,1.16,226.00,596.93,179.00,1,192.57
6221.00,5044,2.64,216.00,615.10,164.00,1,176.68
6222.00,5053,-0.07,209.00,596.93,160.00,1,177.54
6223.00,5060,-0.40,202.00,596.93,155.00,1,173.86
6223.00,5085,-0.15,172.00,615.10,118.00,1,141.80
6224.00,4947,0.07,337.00,617.75,259.00,2,295.44
6224.00,4950,-0.50,334.00,617.75,259.00,2,304.24
6225.00,5090,-0.10,168.00,615.10,115.00,1,136.87
6226.00,4951,0.31,334.00,617.75,258.00,2,300.55
6226.00,5116,-0.04,138.00,615.10,85.00,1,105.35
6228.00,5136,-0.84,117.00,615.10,63.00,1,88.47
6229.00,4964,-0.16,322.00,617.75,245.00,2,285.66
6229.00,5097,-0.43,164.00,596.93,109.00,1,128.15
6229.00,5149,0.69,101.00,615.10,49.00,1,68.21
6231.00,5099,0.19,163.00,596.93,108.00,1,128.53
6232.00,5152,3.12,98.00,615.10,43.00,1,57.20
6233.00,5005,-0.95,278.00,617.75,197.00,2,240.62
6233.00,5105,-0.95,159.00,596.93,105.00,1,129.38
6234.00,5169,-0.11,83.00,615.10,25.00,1,54.97
6235.00,5107,-0.33,158.00,596.93,104.00,1,126.96
6235.00,5192,-0.48,57.00,615.10,1.00,1,28.50
6236.00,5018,-0.42,265.00,617.75,193.00,1,231.08
6237.00,5015,-0.85,270.00,617.75,194.00,1,228.66
6237.00,5199,-0.81,51.00,615.10,0.00,0,17.21
6240.00,4982,1.42,310.00,615.10,253.00,2,280.36
6241.00,5002,-0.38,289.00,615.10,230.00,2,263.16
6242.00,4836,-0.84,488.00,596.93,408.00,2,453.94
6244.00,4880,-0.20,437.00,617.75,370.00,2,398.83
6244.00,5008,-0.52,285.00,615.10,227.00,2,254.41
6245.00,4851,1.31,471.00,596.93,400.00,2,434.30
6246.00,4888,-0.72,430.00,617.75,361.00,2,395.99
6246.00,5023,-0.37,269.00,615.10,207.00,2,238.15
6247.00,4908,-0.52,407.00,617.75,336.00,2,370.79
6248.00,4874,-0.06,448.00,596.93,376.00,2,411.22
6248.00,5033,-0.27,259.00,615.10,198.00,2,226.70
6250.00,5041,-0.79,252.00,615.10,192.00,2,221.41
6252.00,4890,1.90,431.00,596.93,357.00,2,393.54
6252.00,4919,0.39,398.00,617.75,323.00,2,358.04
6252.00,4928,1.68,386.00,617.75,313.00,2,354.97
6252.00,5045,-0.55,249.00,615.10,187.00,2,215.15
6254.00,4892,2.52,430.00,596.93,356.00,2,400.51
6254.00,4992,-0.48,314.00,615.10,243.00,2,282.25
6255.00,4900,0.00,424.00,596.93,347.00,2,395.91
6255.00,5063,-0.97,231.00,615.10,180.00,1,202.53
6256.00,4978,-0.82,333.00,617.75,256.00,2,295.86
6257.00,4905,-0.95,421.00,596.93,344.00,2,388.18
6257.00,4985,0.85,324.00,617.75,247.00,2,293.74
6257.00,5070,1.70,222.00,615.10,176.00,1,191.56
6259.00,4911,-0.09,415.00,596.93,338.00,2,382.01
6259.00,5082,0.42,211.00,615.10,164.00,1,178.76
6260.00,5089,2.09,202.00,615.10,156.00,1,170.62
6261.00,4996,-0.24,316.00,596.93,248.00,3,284.70
6261.00,5003,1.43,306.00,617.75,228.00,2,269.77
6263.00,5007,-0.33,305.00,617.75,225.00,2,271.94
6264.00,5091,2.71,203.00,615.10,153.00,1,168.86
6265.00,4927,-0.13,402.00,596.93,323.00,3,367.33
6266.00,5110,-0.90,186.00,615.10,136.00,1,154.52
6267.00,5009,1.29,305.00,617.75,222.00,2,264.93
6268.00,4933,1.73,396.00,596.93,316.00,2,361.40
6268.00,5010,2.10,304.00,607.65,223.00,2,274.49
6269.00,4937,-0.03,394.00,596.93,314.00,2,363.70
6269.00,5114,-0.66,184.00,615.10,133.00,1,147.25
6270.00,5014,-0.66,304.00,617.75,222.00,2,272.43
6270.00,5115,1.15,182.00,615.10,133.00,1,149.66
6271.00,4941,1.21,390.00,596.93,308.00,2,361.24
6271.00,5028,-0.32,288.00,617.75,208.00,2,256.30
6272.00,5119,-0.61,181.00,615.10,130.00,1,146.01
6273.00,5052,-0.88,262.00,617.75,180.00,2,231.09
6275.00,5132,-0.08,168.00,615.10,117.00,1,129.88
6276.00,4966,1.46,365.00,596.93,281.00,2,329.48
6276.00,5056,-0.64,260.00,617.75,177.00,2,228.90
6276.00,5138,-0.22,162.00,615.10,110.00,1,128.39
6277.00,4981,-0.39,350.00,596.93,266.00,2,316.91
6278.00,5148,-0.12,152.00,615.10,100.00,1,115.89
6279.00,4987,-0.53,345.00,596.93,262.00,4,315.68
6279.00,5067,-0.73,250.00,617.75,176.00,1,216.69
6279.00,5161,1.41,136.00,615.10,84.00,1,107.97
6280.00,5162,3.22,134.00,615.10,82.00,1,101.31
6281.00,5081,-0.39,235.00,617.75,175.00,1,200.97
6282.00,5178,-0.82,121.00,615.10,71.00,1,89.07
6283.00,5086,1.66,229.00,617.75,170.00,1,201.19
6283.00,5208,1.48,84.00,615.10,34.00,1,54.53
6285.00,4998,0.38,337.00,596.93,240.00,3,299.33
6285.00,5216,-0.04,78.00,615.10,28.00,1,44.58
6286.00,5088,1.28,230.00,617.75,171.00,1,197.29
6287.00,5059,-0.21,267.00,596.93,178.00,1,238.84
6287.00,5218,1.58,76.00,615.10,25.00,1,46.35
6288.00,5093,3.33,224.00,617.75,165.00,1,193.17
6289.00,5145,-0.55,167.00,617.75,107.00,1,138.72
6290.00,5222,-0.18,76.00,615.10,23.00,1,38.76
6291.00,5025,-0.75,312.00,596.93,208.00,2,267.53
6292.00,5069,-0.11,260.00,596.93,177.00,1,225.67
6292.00,5224,0.44,75.00,615.10,22.00,1,41.65
6294.00,5073,1.13,256.00,596.93,180.00,1,222.83
6296.00,5153,-0.07,164.00,617.75,97.00,1,126.06
6296.00,5228,-0.32,75.00,615.10,20.00,1,33.08
6297.00,5240,-0.60,62.00,615.10,7.00,1,34.85
6298.00,5077,-0.63,257.00,596.93,179.00,1,221.27
6298.00,5179,0.99,134.00,617.75,67.00,1,97.99
6298.00,5235,-0.65,69.00,615.10,10.00,1,39.92
6299.00,5084,1.04,248.00,596.93,178.00,1,218.01
6301.00,5096,1.76,235.00,596.93,167.00,1,206.43
6303.00,5204,1.24,109.00,617.75,39.00,1,68.16
6304.00,5125,-0.75,206.00,596.93,137.00,1,173.55
6305.00,5213,-0.47,102.00,617.75,30.00,1,67.15
6307.00,5217,1.77,97.00,617.75,26.00,1,67.12
6309.00,5156,-0.64,174.00,596.93,101.00,1,137.78
6310.00,5160,-0.40,170.00,596.93,98.00,1,135.15
6310.00,5230,0.30,86.00,617.75,14.00,1,48.42
6311.00,5250,-0.50,64.00,617.75,0.00,0,27.89
6314.00,5167,0.27,165.00,596.93,90.00,1,128.20
6314.00,5253,0.93,62.00,617.75,0.00,0,26.43
6314.00,5268,-0.92,46.00,615.10,0.00,0,14.42
6314.00,5270,1.70,41.00,615.10,0.00,0,6.59
6315.00,5188,-0.72,142.00,596.93,69.00,1,111.13
6316.00,5276,-0.44,38.00,615.10,0.00,0,6.51
6317.00,5189,0.09,142.00,596.93,66.00,1,109.57
6318.00,5269,0.89,47.00,617.75,0.00,0,14.26
6319.00,5205,2.05,123.00,596.93,47.00,1,93.35
6319.00,5271,3.51,43.00,617.75,0.00,0,12.64
6323.00,5203,-0.57,132.00,596.93,55.00,1,98.35
6324.00,5193,-0.67,145.00,596.93,68.00,2,115.01
6324.00,5277,1.37,43.00,617.75,0.00,0,8.04
6329.00,5236,0.16,98.00,596.93,14.00,1,60.99
6332.00,5244,-0.36,92.00,596.93,7.00,1,55.77
6332.00,5289,1.09,37.00,615.10,0.00,0,6.48
6335.00,5252,-0.88,86.00,596.93,0.00,0,55.78
6336.00,5246,0.26,93.00,596.93,5.00,1,54.85
6337.00,5259,-0.21,79.00,586.83,0.00,0,50.39
6344.00,5111,2.91,259.00,617.75,217.00,1,232.45
6345.00,5101,-0.19,275.00,615.10,229.00,1,242.28
6345.00,5108,0.48,266.00,615.10,221.00,1,234.10
6346.00,5102,1.62,273.00,615.10,227.00,1,240.28
6347.00,5109,2.29,265.00,615.10,219.00,1,238.40
6349.00,5121,-0.99,256.00,617.75,211.00,1,224.41
6351.00,5118,-0.42,261.00,615.10,212.00,1,224.81
6351.00,5131,-0.89,246.00,596.93,196.00,1,214.26
6352.00,5104,2.24,276.00,596.93,223.00,1,235.13
6352.00,5137,-0.03,239.00,615.10,190.00,1,205.88
6354.00,5126,-0.94,255.00,617.75,204.00,1,216.57
6354.00,5134,-0.46,245.00,596.93,194.00,1,209.78
6355.00,5164,0.84,209.00,615.10,158.00,1,171.65
6356.00,5127,0.87,254.00,617.75,204.00,1,223.62
6356.00,5168,2.08,204.00,615.10,151.00,1,168.20
6357.00,5139,0.59,241.00,617.75,191.00,1,214.12
6358.00,5151,-0.69,229.00,596.93,176.00,1,191.84
6358.00,5185,4.85,183.00,615.10,133.00,1,147.61
6359.00,5142,0.02,240.00,617.75,188.00,1,205.46
6359.00,5190,1.90,181.00,615.10,133.00,1,149.63
6360.00,5155,-0.45,226.00,596.93,172.00,1,196.55
6361.00,5143,1.83,239.00,617.75,187.00,1,208.84
6361.00,5215,-0.85,156.00,615.10,107.00,1,123.80
6362.00,5157,0.17,225.00,596.93,170.00,1,189.79
6363.00,5248,-0.12,118.00,615.10,67.00,1,81.45
6364.00,5260,0.60,104.00,615.10,53.00,1,70.03
6365.00,5144,3.64,240.00,617.75,184.00,1,203.58
6366.00,5279,0.99,83.00,615.10,32.00,1,52.59
6367.00,5159,0.79,227.00,596.93,169.00,1,188.91
6367.00,5165,2.65,218.00,617.75,164.00,1,183.24
6368.00,5163,-0.97,225.00,596.93,167.00,1,191.21
6368.00,5291,-0.29,72.00,615.10,21.00,1,35.67
6369.00,5172,0.32,214.00,617.75,158.00,1,180.51
6369.00,5292,1.52,70.00,615.10,19.00,1,38.28
6370.00,5173,2.13,212.00,596.93,154.00,1,180.25
6371.00,5175,2.75,210.00,596.93,153.00,1,182.51
6371.00,5298,0.38,66.00,615.10,15.00,1,33.12
6375.00,5176,4.56,211.00,617.75,150.00,1,170.85
6376.00,5180,2.80,209.00,617.75,149.00,1,171.47
6377.00,5181,4.61,207.00,617.75,149.00,1,180.28
6377.00,5196,0.76,193.00,596.93,129.00,1,155.34
6378.00,5206,-0.14,183.00,596.93,122.00,1,151.98
6379.00,5182,6.42,206.00,617.75,147.00,1,177.02
6381.00,5194,0.14,200.00,617.75,141.00,1,170.47
6382.00,5232,-0.08,156.00,596.93,92.00,1,120.24
6383.00,5239,-0.41,149.00,596.93,86.00,1,115.80
6384.00,5202,-0.38,194.00,617.75,135.00,1,160.53
6385.00,5212,-0.28,183.00,617.75,124.00,1,154.14
6386.00,5328,-0.32,46.00,615.10,0.00,0,5.74
6387.00,5243,-0.17,148.00,596.93,83.00,1,110.51
6388.00,5223,-0.37,173.00,617.75,113.00,1,142.64
6388.00,5258,-0.02,131.00,596.93,67.00,1,100.57
6390.00,5229,-0.51,168.00,617.75,107.00,1,138.53
6390.00,5261,2.41,127.00,596.93,61.00,1,95.74
6395.00,5340,2.40,38.00,615.10,0.00,0,9.97
6396.00,5241,0.21,159.00,617.75,93.00,1,121.42
6397.00,5263,3.03,131.00,596.93,60.00,1,91.20
6397.00,5267,1.27,128.00,596.93,58.00,1,96.58
6397.00,5281,1.61,111.00,617.75,44.00,1,75.68
6399.00,5282,2.42,111.00,617.75,43.00,1,78.13
6400.00,5278,-0.82,120.00,596.93,51.00,1,84.32
6401.00,5338,-0.22,49.00,615.10,0.00,0,14.46
6404.00,5283,3.23,114.00,596.93,41.00,1,76.95
6405.00,5296,-0.24,103.00,596.93,30.00,1,71.56
6405.00,5302,-0.38,96.00,617.75,24.00,1,54.13
6405.00,5339,1.59,50.00,617.75,0.00,0,17.47
6405.00,5347,0.07,42.00,615.10,0.00,0,5.83
6407.00,5346,-0.74,46.00,617.75,0.00,0,12.63
6408.00,5348,1.88,42.00,617.75,0.00,0,10.99
6411.00,5307,-0.33,96.00,596.93,19.00,1,55.73
6411.00,5313,-0.47,89.00,596.93,15.00,1,57.58
6411.00,5355,-0.45,39.00,617.75,0.00,0,12.92
6414.00,5325,-0.75,78.00,596.93,1.00,1,43.40
6416.00,5333,-0.27,70.00,596.93,0.00,0,39.25
6418.00,5361,1.41,37.00,615.10,0.00,0,5.52
6420.00,5351,0.31,52.00,596.93,0.00,0,15.12
6421.00,5360,-0.40,43.00,596.93,0.00,0,13.43
6436.00,5379,-0.01,35.00,615.10,0.00,0,6.38
6455.00,5391,-0.29,40.00,617.75,0.00,0,7.97
6459.00,5383,-0.77,54.00,617.75,0.00,0,6.88
6467.00,5187,-0.53,295.00,617.75,252.00,1,263.82
6468.00,5184,-0.96,300.00,596.93,253.00,1,265.42
6469.00,5191,-0.29,292.00,586.83,247.00,1,260.12
6469.00,5198,1.38,282.00,615.10,235.00,1,247.90
6470.00,5210,-0.90,271.00,615.10,223.00,2,241.90
6471.00,5207,-0.33,275.00,617.75,227.00,1,241.81
6472.00,5211,0.91,270.00,617.75,223.00,1,239.14
6472.00,5214,0.34,267.00,615.10,216.00,1,232.48
6473.00,5197,-0.43,289.00,596.93,240.00,1,254.97
6473.00,5226,1.06,253.00,615.10,206.00,1,222.93
6474.00,5200,2.00,284.00,596.93,236.00,1,254.14
6474.00,5234,-0.46,246.00,615.10,197.00,1,211.62
6475.00,5264,-0.16,211.00,615.10,160.00,1,182.97
6476.00,5220,-0.80,265.00,596.93,218.00,1,235.52
6477.00,5299,-0.81,172.00,615.10,121.00,1,140.31
6478.00,5225,-0.75,261.00,596.93,212.00,1,231.28
6478.00,5303,2.43,165.00,615.10,118.00,1,133.87
6479.00,5231,-0.89,255.00,617.75,203.00,1,219.43
6480.00,5237,-0.03,248.00,596.93,199.00,1,217.94
6480.00,5247,-0.93,237.00,617.75,186.00,1,205.15
6480.00,5310,-0.90,162.00,615.10,115.00,1,132.69
6482.00,5318,-0.42,154.00,615.10,104.00,1,121.40
6483.00,5257,-0.83,228.00,617.75,174.00,1,194.18
6484.00,5238,1.78,249.00,596.93,197.00,1,216.42
6485.00,5341,-0.79,130.00,615.10,78.00,1,93.66
6487.00,5272,-0.68,214.00,617.75,160.00,1,176.88
6487.00,5349,-0.31,122.00,615.10,71.00,1,90.88
6488.00,5242,0.02,250.00,596.93,195.00,1,215.63
6488.00,5368,1.08,99.00,615.10,49.00,1,69.88
6489.00,5300,1.00,181.00,617.75,125.00,1,144.62
6490.00,5301,1.81,180.00,617.75,124.00,1,149.96
6490.00,5375,-0.25,94.00,615.10,42.00,1,58.76
6491.00,5251,-0.69,243.00,596.93,187.00,1,206.78
6492.00,5377,0.37,93.00,615.10,41.00,1,56.38
6494.00,5275,-0.25,217.00,596.93,158.00,1,180.91
6494.00,5386,-0.34,85.00,615.10,35.00,1,52.92
6495.00,5280,-0.20,212.00,596.93,155.00,1,182.87
6495.00,5390,-0.10,81.00,615.10,31.00,1,46.41
6496.00,5306,1.86,180.00,617.75,119.00,1,140.32
6496.00,5395,-0.05,76.00,615.10,27.00,1,43.78
6497.00,5402,-0.38,69.00,615.10,20.00,1,41.91
6498.00,5312,-0.28,177.00,617.75,114.00,1,137.46
6499.00,5315,-0.85,175.00,617.75,114.00,1,143.28
6499.00,5405,-0.95,68.00,615.10,18.00,1,37.07
6500.00,5284,-0.96,213.00,596.93,152.00,1,175.60
6501.00,5410,-0.90,64.00,615.10,13.00,1,31.76
6502.00,5319,1.39,171.00,596.93,111.00,1,142.90
6504.00,5344,-0.36,145.00,596.93,86.00,1,111.63
6504.00,5411,0.91,64.00,615.10,12.00,1,29.03
6505.00,5324,-0.56,170.00,617.75,104.00,1,128.45
6505.00,5359,-0.21,128.00,596.93,67.00,1,99.10
6505.00,5415,4.15,57.00,615.10,7.00,1,24.07
6506.00,5326,-0.94,169.00,617.75,103.00,1,132.34
6506.00,5429,-0.51,46.00,615.10,0.00,0,14.92
6507.00,5416,5.96,56.00,615.10,6.00,1,28.22
6508.00,5363,-0.97,127.00,596.93,66.00,1,94.72
6509.00,5327,-0.13,170.00,617.75,102.00,1,129.35
6509.00,5332,-0.08,164.00,607.65,101.00,1,133.33
6510.00,5365,1.65,124.00,596.93,61.00,1,92.97
6511.00,5334,-0.46,164.00,617.75,98.00,1,130.46
6513.00,5356,-0.64,140.00,617.75,76.00,1,109.53
6514.00,5369,2.89,122.00,596.93,56.00,1,87.79
6515.00,5364,0.84,131.00,617.75,66.00,1,99.50
6517.00,5392,0.52,100.00,596.93,33.00,1,63.74
6517.00,5399,-0.81,93.00,617.75,26.00,1,64.88
6520.00,5406,0.86,86.00,596.93,19.00,1,49.84
6521.00,5414,2.34,76.00,596.93,9.00,1,47.82
6523.00,5413,1.53,80.00,617.75,10.00,1,41.96
6523.00,5445,1.45,42.00,615.10,0.00,0,5.31
6524.00,5444,-0.36,46.00,596.93,0.00,0,11.77
6525.00,5426,-0.94,69.00,617.75,0.00,0,35.15
6526.00,5455,-0.45,35.00,615.10,0.00,0,5.67
6527.00,5438,-0.22,56.00,617.75,0.00,0,22.73
6529.00,5449,-0.31,45.00,617.75,0.00,0,12.08
6530.00,5460,-0.40,33.00,615.10,0.00,0,5.55
6532.00,5450,0.50,46.00,617.75,0.00,0,12.10
6533.00,5027,-0.13,551.00,617.75,493.00,2,524.17
6533.00,5146,-0.74,410.00,596.93,359.00,2,383.15
6536.00,5451,1.31,48.00,617.75,0.00,0,9.99
6539.00,5464,-0.16,37.00,596.93,0.00,0,9.84
6551.00,5233,-0.27,324.00,615.10,271.00,2,296.25
6552.00,5150,2.50,421.00,596.93,363.00,2,383.46
6553.00,5043,1.83,550.00,617.75,491.00,3,518.43
6554.00,5103,-0.57,482.00,617.75,423.00,3,453.73
6554.00,5221,1.01,340.00,605.00,293.00,1,306.79
6556.00,5171,0.51,402.00,596.93,341.00,2,369.98
6557.00,5256,3.36,299.00,615.10,245.00,2,262.13
6558.00,5123,-0.37,462.00,617.75,398.00,3,431.27
6558.00,5262,-0.78,297.00,615.10,240.00,2,267.89
6561.00,5183,-0.77,394.00,596.93,328.00,2,357.03
6561.00,5273,-0.87,287.00,615.10,231.00,2,248.75
6562.00,5147,1.07,436.00,617.75,367.00,3,399.91
6562.00,5285,-0.15,273.00,615.10,215.00,2,241.10
6562.00,5287,3.47,267.00,615.10,208.00,2,237.77
6563.00,5186,-0.34,392.00,617.75,321.00,3,361.39
6563.00,5195,-0.05,381.00,596.93,312.00,2,349.97
6564.00,5305,-0.95,252.00,615.10,195.00,2,219.80
6565.00,5304,-0.76,254.00,605.00,194.00,3,225.40
6566.00,5209,-0.71,368.00,596.93,308.00,2,332.14
6567.00,5308,-0.52,251.00,615.10,194.00,2,218.37
6568.00,5219,-0.61,358.00,596.93,305.00,1,323.83
6569.00,5201,-0.19,380.00,617.75,300.00,2,340.06
6569.00,5309,1.29,250.00,615.10,190.00,3,217.24
6570.00,5227,-0.13,350.00,596.93,297.00,1,316.75
6570.00,5249,-0.31,324.00,617.75,264.00,2,295.93
6570.00,5353,-0.07,200.00,615.10,144.00,2,168.25
6572.00,5266,-0.54,306.00,596.93,253.00,1,273.45
6572.00,5354,1.74,199.00,615.10,140.00,2,166.07
6574.00,5274,0.94,297.00,596.93,241.00,1,268.32
6575.00,5245,-0.55,334.00,617.75,266.00,2,288.46
6575.00,5254,-0.26,323.00,617.75,258.00,2,288.19
6577.00,5320,-0.80,247.00,596.93,191.00,1,214.75
6577.00,5376,0.56,179.00,615.10,116.00,2,140.28
6578.00,5255,1.55,323.00,617.75,255.00,2,287.55
6579.00,5286,1.66,287.00,617.75,220.00,2,254.54
6579.00,5321,0.01,247.00,596.93,189.00,1,216.67
6579.00,5378,1.18,178.00,615.10,113.00,2,144.55
6580.00,5384,2.04,171.00,615.10,109.00,2,137.46
6582.00,5350,-0.50,216.00,596.93,158.00,1,183.39
6582.00,5396,-0.24,161.00,615.10,97.00,2,131.61
6583.00,5290,-0.10,288.00,607.65,219.00,2,252.63
6583.00,5448,-0.12,100.00,615.10,38.00,1,69.76
6583.00,5463,-0.97,83.00,615.10,23.00,1,54.45
6585.00,5295,-0.05,284.00,617.75,215.00,3,250.37
6585.00,5452,-0.88,98.00,615.10,35.00,1,63.02
6586.00,5357,1.17,210.00,615.10,149.00,1,177.47
6587.00,5496,-0.24,47.00,615.10,0.00,0,12.54
6588.00,5412,-0.28,148.00,615.10,87.00,1,116.25
6589.00,5317,-0.23,262.00,607.65,190.00,2,223.92
6590.00,5374,-0.06,195.00,596.93,132.00,1,157.50
6591.00,5330,-0.70,249.00,617.75,175.00,1,215.04
6592.00,5342,-0.98,236.00,617.75,163.00,1,201.33
6592.00,5380,1.80,188.00,596.93,124.00,1,152.65
6593.00,5434,-0.46,127.00,596.93,67.00,1,95.45
6595.00,5343,-0.17,237.00,617.75,160.00,1,202.15
6595.00,5457,-0.83,102.00,596.93,40.00,1,70.08
6596.00,5345,-0.55,236.00,617.75,160.00,1,205.27
6598.00,5470,-0.30,89.00,596.93,28.00,1,53.99
6599.00,5382,2.42,192.00,617.75,116.00,1,157.81
6603.00,5388,0.28,191.00,617.75,112.00,1,155.27
6603.00,5476,1.56,85.00,596.93,21.00,1,54.58
6605.00,5389,0.09,192.00,617.75,111.00,1,155.31
6606.00,5475,-0.25,91.00,596.93,22.00,1,47.70
6608.00,5265,-0.35,343.00,596.93,265.00,1,312.18
6609.00,5314,-0.66,286.00,615.10,242.00,1,254.05
6610.00,5297,0.57,306.00,615.10,260.00,1,273.31
6611.00,5322,-0.18,278.00,615.10,232.00,1,245.24
6612.00,5288,-0.72,320.00,596.93,264.00,1,285.05
6612.00,5323,1.63,276.00,615.10,225.00,1,241.45
6612.00,5329,-0.51,271.00,615.10,226.00,1,238.83
6613.00,5336,1.16,262.00,615.10,213.00,1,232.66
6614.00,5293,-0.67,316.00,596.93,264.00,2,281.26
6615.00,5337,2.97,261.00,615.10,211.00,1,228.29
6616.00,5294,1.14,315.00,596.93,263.00,1,283.37
6616.00,5331,0.11,272.00,617.75,223.00,1,241.55
6616.00,5352,-0.88,248.00,615.10,200.00,1,219.26
6617.00,5335,-0.65,269.00,617.75,222.00,1,241.91
6618.00,5367,1.27,230.00,615.10,179.00,2,197.57
6620.00,5358,-0.02,244.00,615.10,195.00,1,211.05
6621.00,5370,0.70,230.00,615.10,180.00,1,199.55
6621.00,5381,-0.39,218.00,615.10,166.00,1,192.62
6622.00,5311,-0.09,302.00,596.93,248.00,1,264.72
6623.00,5316,-0.04,297.00,596.93,244.00,1,262.14
6623.00,5385,-0.15,215.00,615.10,162.00,1,182.32
6624.00,5371,2.51,230.00,617.75,179.00,1,197.82
6624.00,5403,-0.57,195.00,615.10,142.00,2,162.53
6625.00,5362,-0.78,245.00,596.93,192.00,1,212.41
6626.00,5409,1.29,188.00,615.10,136.00,1,155.90
6627.00,5372,4.32,230.00,617.75,179.00,1,196.23
6627.00,5425,5.25,166.00,615.10,117.00,1,139.61
6628.00,5366,-0.54,243.00,596.93,188.00,1,209.19
6629.00,5373,6.13,229.00,596.93,174.00,1,199.31
6629.00,5456,4.36,132.00,605.00,84.00,1,100.69
6630.00,5407,0.67,195.00,617.75,141.00,1,161.50
6631.00,5387,0.47,220.00,596.93,167.00,1,191.09
6632.00,5421,1.01,180.00,615.10,128.00,1,145.65
6632.00,5465,-0.35,129.00,615.10,76.00,1,92.29
6633.00,5467,2.27,125.00,615.10,76.00,1,92.13
6635.00,5494,-0.86,98.00,615.10,45.00,1,67.90
6636.00,5398,-0.62,213.00,596.93,155.00,1,177.67
6637.00,5503,-0.57,89.00,615.10,36.00,1,53.04
6638.00,5424,3.44,180.00,617.75,121.00,1,140.20
6639.00,5513,-0.47,79.00,615.10,25.00,1,45.18
6641.00,5404,1.24,209.00,596.93,148.00,1,176.17
6642.00,5400,0.00,216.00,596.93,153.00,1,175.09
6642.00,5431,3.11,176.00,617.75,115.00,1,140.48
6642.00,5542,5.02,42.00,615.10,0.00,0,4.99
6644.00,5430,2.30,180.00,617.75,116.00,1,135.74
6644.00,5442,-0.98,169.00,617.75,110.00,1,136.84
6644.00,5544,5.64,41.00,615.10,0.00,0,7.44
6646.00,5458,-0.02,151.00,617.75,91.00,1,117.91
6646.00,5541,3.21,49.00,615.10,0.00,0,17.28
6648.00,5420,-0.80,199.00,596.93,132.00,1,159.46
6649.00,5423,1.63,194.00,596.93,129.00,1,163.08
6649.00,5466,1.46,143.00,617.75,80.00,1,107.31
6650.00,5436,-0.84,182.00,596.93,118.00,1,153.04
6651.00,5477,-0.63,134.00,617.75,71.00,1,99.61
6652.00,5516,1.96,86.00,617.75,25.00,1,55.14
6653.00,5437,0.97,182.00,596.93,116.00,1,146.18
6655.00,5453,-0.07,166.00,596.93,100.00,1,137.38
6655.00,5549,2.69,49.00,617.75,0.00,0,15.52
6658.00,5469,2.89,147.00,596.93,82.00,1,118.69
6661.00,5454,1.74,169.00,596.93,99.00,1,128.15
6661.00,5562,0.22,42.00,617.75,0.00,0,8.60
6663.00,5482,-0.58,140.00,596.93,71.00,1,105.41
6665.00,5489,-0.91,134.00,596.93,64.00,1,102.40
6668.00,5515,0.15,105.00,596.93,36.00,1,71.93
6669.00,5567,0.27,44.00,615.10,0.00,0,5.83
6670.00,5525,-0.75,96.00,596.93,24.00,1,66.31
6671.00,5527,-0.13,94.00,596.93,23.00,1,65.44
6677.00,5572,-0.68,47.00,617.75,0.00,0,7.02
6679.00,5408,-0.52,244.00,617.75,202.00,1,215.32
6680.00,5397,-0.43,258.00,596.93,214.00,1,224.08
6680.00,5419,3.39,228.00,615.10,184.00,1,195.05
6682.00,5446,-0.74,202.00,615.10,156.00,1,170.90
6683.00,5417,-0.23,237.00,617.75,191.00,1,202.73
6683.00,5418,1.58,234.00,596.93,186.00,1,199.62
6683.00,5461,0.41,184.00,615.10,136.00,1,152.76
6684.00,5422,2.82,229.00,596.93,184.00,1,200.34
6685.00,5468,-0.92,179.00,615.10,130.00,1,151.56
6686.00,5427,-0.13,228.00,596.93,181.00,1,197.76
6686.00,5471,-0.49,176.00,615.10,127.00,1,146.49
6687.00,5428,1.68,226.00,617.75,176.00,1,190.07
6688.00,5459,-0.21,192.00,596.93,146.00,1,164.99
6690.00,5432,-0.08,226.00,617.75,175.00,1,189.99
6690.00,5474,-0.06,176.00,615.10,122.00,1,141.06
6690.00,5478,-0.82,172.00,596.93,125.00,1,142.63
6691.00,5481,-0.39,169.00,615.10,119.00,1,139.93
6692.00,5440,-0.60,219.00,617.75,168.00,1,187.65
6693.00,5484,-0.96,168.00,615.10,115.00,2,139.51
6694.00,5441,1.21,218.00,607.65,165.00,1,184.15
6694.00,5485,0.85,166.00,596.93,115.00,1,134.54
6695.00,5443,1.83,216.00,607.65,165.00,1,188.98
6695.00,5497,0.57,153.00,615.10,102.00,2,120.92
6696.00,5491,-0.29,162.00,596.93,112.00,1,131.50
6698.00,5519,0.39,130.00,615.10,79.00,1,93.68
6700.00,5462,2.22,198.00,617.75,141.00,1,161.55
6700.00,5495,-0.05,161.00,615.10,108.00,1,129.64
6700.00,5498,2.38,155.00,596.93,102.00,1,121.02
6700.00,5532,-0.08,117.00,615.10,63.00,1,80.19
6702.00,5508,-0.52,148.00,615.10,93.00,1,114.45
6702.00,5524,2.44,126.00,596.93,72.00,1,92.39
6702.00,5548,-0.12,100.00,615.10,48.00,1,68.85
6704.00,5550,0.50,99.00,615.10,47.00,1,68.67
6705.00,5523,0.63,132.00,615.10,74.00,2,101.49
6705.00,5575,-0.25,71.00,615.10,17.00,1,38.56
6707.00,5514,-0.66,146.00,617.75,89.00,1,110.46
6707.00,5537,-0.03,118.00,596.93,63.00,1,84.75
6707.00,5586,-0.34,60.00,615.10,5.00,1,25.26
6708.00,5588,0.28,58.00,615.10,2.00,1,29.61
6710.00,5518,-0.42,144.00,617.75,85.00,1,106.56
6710.00,5551,2.31,102.00,615.10,41.00,1,69.16
6710.00,5594,0.14,53.00,615.10,1.00,1,19.18
6711.00,5522,-0.18,140.00,617.75,83.00,1,112.44
6712.00,5566,-0.54,89.00,615.10,32.00,1,52.53
6713.00,5569,0.89,85.00,596.93,28.00,1,52.46
6715.00,5534,0.54,129.00,617.75,68.00,1,91.19
6717.00,5546,-0.74,118.00,617.75,58.00,1,82.86
6718.00,5553,2.93,107.00,617.75,48.00,1,75.71
6718.00,5595,1.95,58.00,596.93,0.00,0,21.63
6718.00,5612,1.72,38.00,615.10,0.00,0,8.35
6722.00,5611,-0.09,45.00,615.10,0.00,0,5.49
6723.00,5561,-0.59,106.00,617.75,43.00,1,70.01
6724.00,5614,2.34,41.00,596.93,0.00,0,9.13
6726.00,5568,0.08,100.00,617.75,34.00,1,62.71
6727.00,5615,4.15,41.00,596.93,0.00,0,9.38
6728.00,5618,3.58,39.00,596.93,0.00,0,10.94
6730.00,5593,-0.67,75.00,617.75,5.00,1,35.02
6730.00,5598,1.38,67.00,617.75,1.00,1,35.48
6732.00,5601,-0.19,67.00,617.75,0.00,0,31.63
6734.00,5607,-0.33,62.00,617.75,0.00,0,32.37
6734.00,5622,3.82,40.00,596.93,0.00,0,9.63
6736.00,5619,5.39,44.00,617.75,0.00,0,10.40
6737.00,5623,5.63,40.00,596.93,0.00,0,9.70
6743.00,5627,3.87,43.00,596.93,0.00,0,9.49
6744.00,5631,2.11,41.00,596.93,0.00,0,10.76
6750.00,5480,-0.20,229.00,615.10,185.00,1,200.49
6752.00,5472,-0.68,241.00,615.10,195.00,1,207.15
6753.00,5493,-0.67,217.00,617.75,173.00,1,187.85
6754.00,5473,1.13,240.00,615.10,189.00,1,201.55
6754.00,5487,-0.53,225.00,596.93,179.00,1,191.68
6755.00,5502,-0.38,208.00,615.10,155.00,2,172.37
6756.00,5504,0.24,206.00,617.75,156.00,1,175.29
6756.00,5510,-0.90,200.00,615.10,149.00,1,171.76
6758.00,5490,-0.10,225.00,596.93,176.00,1,189.33
6758.00,5517,-0.23,193.00,615.10,145.00,1,161.05
6758.00,5533,0.73,173.00,615.10,124.00,1,139.26
6760.00,5499,-0.81,217.00,596.93,166.00,1,182.86
6760.00,5529,-0.51,181.00,617.75,133.00,1,150.19
6761.00,5505,2.05,208.00,596.93,159.00,1,176.96
6762.00,5535,1.35,174.00,615.10,122.00,1,133.91
6762.00,5538,0.78,171.00,615.10,122.00,1,139.30
6763.00,5512,-0.28,204.00,596.93,155.00,1,175.62
6764.00,5557,0.17,151.00,615.10,97.00,1,118.31
6765.00,5559,0.79,149.00,615.10,95.00,1,121.18
6766.00,5545,-0.55,168.00,617.75,115.00,1,138.41
6767.00,5576,-0.44,132.00,615.10,80.00,1,98.95
6768.00,5600,1.00,103.00,615.10,51.00,1,73.78
6769.00,5556,-0.64,158.00,617.75,104.00,1,123.89
6769.00,5570,-0.30,141.00,596.93,88.00,1,111.12
6770.00,5610,-0.90,95.00,615.10,38.00,1,61.30
6772.00,5530,1.30,190.00,596.93,130.00,1,147.44
6772.00,5565,-0.35,150.00,617.75,95.00,1,116.76
6772.00,5629,-0.51,74.00,615.10,17.00,1,38.78
6773.00,5639,1.59,61.00,615.10,7.00,1,28.88
6774.00,5582,-0.58,132.00,617.75,76.00,1,97.37
6774.00,5583,0.23,130.00,596.93,73.00,1,94.15
6775.00,5599,-0.81,113.00,596.93,58.00,1,84.83
6775.00,5624,-0.56,83.00,615.10,28.00,1,45.97
6776.00,5587,-0.53,128.00,617.75,73.00,1,99.92
6777.00,5661,-0.59,41.00,615.10,0.00,0,11.23
6778.00,5603,0.43,110.00,617.75,54.00,1,77.78
6779.00,5662,1.22,40.00,615.10,0.00,0,8.59
6780.00,5604,2.24,109.00,617.75,53.00,1,76.82
6780.00,5633,-0.27,77.00,596.93,18.00,1,39.56
6782.00,5634,1.54,76.00,596.93,18.00,1,47.23
6784.00,5637,0.97,75.00,596.93,14.00,1,40.64
6784.00,5654,-0.26,56.00,617.75,0.00,0,21.75
6785.00,5651,-0.69,61.00,596.93,4.00,1,30.81
6787.00,5655,1.55,56.00,617.75,0.00,0,20.05
6787.00,5667,-0.73,44.00,596.93,0.00,0,14.95
6788.00,5671,-0.49,40.00,615.10,0.00,0,5.89
6795.00,5659,-0.21,61.00,617.75,0.00,0,14.77
6797.00,5676,-0.44,43.00,617.75,0.00,0,8.22
6799.00,5684,-0.96,36.00,615.10,0.00,0,5.70
6808.00,5687,-0.53,41.00,615.10,0.00,0,4.70
6812.00,5691,-0.29,40.00,596.93,0.00,0,7.97
6822.00,5697,-0.43,43.00,596.93,0.00,0,10.44
6824.00,5699,0.19,42.00,617.75,0.00,0,8.12
6835.00,5479,0.99,314.00,596.93,249.00,2,286.18
6836.00,5558,-0.02,222.00,615.10,178.00,1,192.43
6837.00,5393,-0.67,420.00,617.75,337.00,2,389.19
6839.00,5486,-0.34,311.00,596.93,241.00,2,279.48
6839.00,5584,-0.96,195.00,615.10,146.00,1,162.74
6840.00,5591,-0.29,187.00,615.10,141.00,1,157.24
6841.00,5492,-0.48,306.00,596.93,233.00,2,274.32
6842.00,5394,0.14,423.00,617.75,335.00,2,387.14
6844.00,5401,-0.19,417.00,617.75,331.00,2,381.70
6847.00,5613,-0.47,168.00,615.10,113.00,1,126.44
6848.00,5433,-0.27,383.00,617.75,292.00,2,345.61
6848.00,5500,0.00,303.00,596.93,226.00,1,263.25
6848.00,5630,0.30,148.00,615.10,93.00,1,114.89
6849.00,5501,1.81,301.00,596.93,225.00,1,267.80
6849.00,5640,-0.60,138.00,615.10,86.00,1,106.61
6850.00,5435,1.35,381.00,617.75,289.00,2,345.13
6853.00,5539,-0.41,262.00,596.93,187.00,2,230.89
6854.00,5580,1.80,212.00,617.75,168.00,1,179.49
6855.00,5540,1.40,261.00,596.93,183.00,2,229.71
6857.00,5589,-0.91,207.00,615.10,158.00,1,168.15
6858.00,5552,1.12,250.00,596.93,174.00,1,217.84
6858.00,5590,0.90,205.00,617.75,157.00,1,172.31
6858.00,5596,-0.24,199.00,615.10,149.00,1,167.19
6860.00,5597,1.57,198.00,615.10,148.00,1,166.04
6860.00,5605,-0.95,191.00,615.10,142.00,2,163.76
6861.00,5621,1.01,171.00,615.10,124.00,1,144.02
6861.00,5635,-0.65,156.00,615.10,105.00,1,127.20
6863.00,5555,0.55,252.00,596.93,173.00,1,215.82
6863.00,5646,0.26,144.00,615.10,92.00,2,117.52
6865.00,5560,-0.40,249.00,596.93,173.00,1,220.77
6865.00,5643,0.83,149.00,617.75,99.00,1,115.07
6865.00,5649,2.69,140.00,615.10,88.00,1,105.67
6866.00,5564,0.84,244.00,596.93,172.00,1,213.44
6866.00,5653,3.93,135.00,615.10,88.00,1,105.86
6867.00,5648,0.88,145.00,617.75,93.00,1,110.96
6867.00,5665,4.65,121.00,615.10,69.00,1,91.86
6868.00,5574,-0.06,235.00,596.93,171.00,1,205.94
6869.00,5677,1.37,112.00,615.10,59.00,1,75.14
6871.00,5577,-0.63,235.00,596.93,171.00,1,202.16
6871.00,5680,0.80,111.00,615.10,55.00,1,79.61
6872.00,5657,2.17,138.00,617.75,84.00,1,102.26
6876.00,5632,3.92,170.00,596.93,126.00,1,139.35
6879.00,5638,-0.22,170.00,596.93,124.00,1,138.00
6879.00,5644,-0.36,163.00,617.75,116.00,1,127.66
6879.00,5656,-0.64,149.00,615.10,101.00,1,111.37
6879.00,5681,1.61,117.00,615.10,67.00,1,85.07
6880.00,5678,-0.82,124.00,615.10,76.00,1,90.58
6881.00,5645,1.45,162.00,596.93,116.00,1,134.63
6881.00,5694,-0.86,106.00,615.10,60.00,1,75.75
6884.00,5647,2.07,162.00,596.93,115.00,1,129.90
6885.00,5733,-0.27,63.00,615.10,16.00,1,31.93
6886.00,5696,-0.24,108.00,615.10,52.00,1,64.32
6886.00,5714,-0.66,87.00,617.75,38.00,1,51.12
6886.00,5748,-0.12,46.00,615.10,0.00,0,13.62
6888.00,5679,0.99,129.00,596.93,77.00,1,93.47
6888.00,5720,-0.80,82.00,615.10,26.00,1,38.44
6889.00,5683,3.23,123.00,596.93,73.00,1,92.22
6890.00,5735,0.35,65.00,617.75,15.00,1,32.37
6893.00,5739,-0.41,64.00,617.75,11.00,1,30.54
6894.00,5741,0.21,62.00,596.93,8.00,1,25.36
6894.00,5756,-0.64,45.00,617.75,0.00,0,15.84
6896.00,5742,2.02,61.00,596.93,5.00,1,29.80
6898.00,5759,-0.21,45.00,617.75,0.00,0,11.71
6899.00,5766,0.46,37.00,615.10,0.00,0,5.41
6903.00,5760,1.60,47.00,617.75,0.00,0,8.93
6905.00,5763,1.03,46.00,617.75,0.00,0,15.39
6906.00,5767,2.27,41.00,617.75,0.00,0,10.83
6908.00,5769,2.89,40.00,596.93,0.00,0,8.54
6915.00,5770,4.70,44.00,596.93,0.00,0,8.20
6916.00,5783,-0.77,35.00,615.10,0.00,0,5.85
6933.00,5790,-0.10,43.00,617.75,0.00,0,8.69
6937.00,5792,0.52,44.00,596.93,0.00,0,9.13
6944.00,5712,-0.28,147.00,615.10,102.00,1,115.91
6945.00,5710,-0.90,151.00,615.10,106.00,1,117.86
6945.00,5717,-0.23,142.00,596.93,100.00,1,113.67
6945.00,5719,3.39,136.00,615.10,92.00,1,104.65
6947.00,5726,-0.94,134.00,615.10,88.00,1,102.14
6948.00,5731,-0.89,129.00,615.10,81.00,1,93.89
6949.00,5732,0.92,127.00,615.10,82.00,1,100.55
6949.00,5734,1.54,124.00,615.10,75.00,2,95.96
6951.00,5718,1.58,145.00,596.93,96.00,1,109.54
6951.00,5743,-0.17,117.00,615.10,67.00,1,86.76
6952.00,5736,2.16,124.00,617.75,75.00,1,91.70
6953.00,5761,-0.59,98.00,615.10,48.00,1,64.19
6954.00,5728,-0.32,138.00,596.93,88.00,1,103.19
6955.00,5746,-0.74,118.00,615.10,68.00,1,83.87
6956.00,5775,1.75,82.00,615.10,30.00,1,45.27
6957.00,5750,-0.50,115.00,615.10,62.00,1,77.63
6957.00,5753,-0.07,111.00,617.75,61.00,1,81.53
6957.00,5780,1.80,77.00,615.10,27.00,1,41.18
6957.00,5782,2.42,74.00,596.93,26.00,1,47.15
6959.00,5774,-0.06,88.00,615.10,34.00,1,50.23
6959.00,5794,-0.86,65.00,615.10,13.00,1,32.67
6960.00,5757,-0.83,110.00,617.75,60.00,1,76.33
6960.00,5810,-0.90,47.00,615.10,0.00,0,19.46
6961.00,5795,0.95,64.00,596.93,13.00,1,33.05
6962.00,5778,1.18,85.00,617.75,31.00,1,52.98
6963.00,5786,0.66,77.00,617.75,27.00,1,47.17
6966.00,5805,-0.95,59.00,596.93,4.00,1,22.99
6967.00,5800,0.00,65.00,617.75,12.00,1,33.72
6973.00,5824,-0.56,43.00,596.93,0.00,0,8.83
6975.00,5641,1.21,261.00,615.10,205.00,2,234.26
6976.00,5439,-0.41,504.00,617.75,409.00,3,475.51
6976.00,5507,-0.33,423.00,596.93,347.00,2,391.29
6978.00,5511,-0.09,420.00,596.93,347.00,2,390.07
6980.00,5652,-0.88,255.00,615.10,195.00,2,219.53
6981.00,5447,-0.93,500.00,617.75,402.00,3,466.06
6982.00,5521,0.01,412.00,596.93,346.00,2,379.51
6982.00,5658,-0.02,249.00,615.10,192.00,2,218.59
6983.00,5483,-0.77,459.00,617.75,359.00,3,424.49
6983.00,5526,-0.94,408.00,596.93,344.00,2,377.99
6984.00,5668,-0.92,240.00,615.10,181.00,2,205.02
6986.00,5716,-0.04,184.00,615.10,123.00,2,157.05
6987.00,5488,0.28,456.00,617.75,354.00,3,422.18
6987.00,5528,-0.32,409.00,596.93,344.00,2,376.94
6987.00,5738,-0.22,159.00,615.10,107.00,1,128.89
6989.00,5506,-0.14,437.00,617.75,344.00,2,406.31
6989.00,5531,-0.89,408.00,596.93,342.00,2,375.80
6993.00,5509,0.29,437.00,617.75,342.00,2,401.93
6997.00,5520,-0.80,429.00,617.75,341.00,2,389.50
6997.00,5554,-0.26,388.00,617.75,320.00,2,358.42
6997.00,5754,-0.26,150.00,615.10,103.00,1,116.96
6998.00,5536,-0.84,411.00,596.93,338.00,2,366.55
6998.00,5674,-0.06,246.00,596.93,187.00,2,207.93
6998.00,5787,-0.53,112.00,615.10,64.00,1,81.99
7000.00,5543,-0.17,404.00,596.93,337.00,2,372.56
7000.00,5789,2.09,109.00,615.10,59.00,1,77.20
7000.00,5808,0.48,88.00,615.10,40.00,1,59.84
7001.00,5573,0.13,369.00,617.75,295.00,2,330.97
7001.00,5704,0.24,213.00,596.93,149.00,2,180.26
7003.00,5547,-0.93,403.00,596.93,337.00,2,375.61
7003.00,5581,0.61,361.00,617.75,288.00,2,326.29
7003.00,5809,2.29,88.00,615.10,38.00,1,56.78
7004.00,5602,-0.38,338.00,617.75,266.00,2,305.06
7005.00,5563,-0.97,386.00,596.93,320.00,3,355.05
7005.00,5817,-0.23,83.00,615.10,35.00,1,51.15
7006.00,5609,-0.71,332.00,617.75,260.00,2,302.89
7006.00,5842,-0.98,55.00,615.10,7.00,1,24.76
7007.00,5625,-0.75,314.00,617.75,242.00,2,284.98
7008.00,5849,-0.31,48.00,615.10,0.00,0,17.52
7010.00,5571,-0.49,381.00,596.93,312.00,2,344.78
7011.00,5636,-0.84,305.00,617.75,229.00,2,274.85
7012.00,5579,-0.01,373.00,596.93,303.00,2,338.58
7014.00,5585,0.85,367.00,596.93,295.00,2,332.48
7014.00,5666,-0.54,272.00,617.75,196.00,2,241.49
7018.00,5592,1.52,362.00,596.93,283.00,2,324.89
7018.00,5864,-0.16,40.00,615.10,0.00,0,10.83
7019.00,5606,-0.14,348.00,596.93,271.00,2,319.73
7019.00,5675,1.75,264.00,617.75,182.00,2,229.98
7021.00,5695,-0.05,244.00,617.75,163.00,2,212.00
7022.00,5608,2.48,346.00,586.83,269.00,2,312.91
7022.00,5616,-0.04,339.00,596.93,263.00,2,309.42
7023.00,5698,-0.62,243.00,617.75,161.00,2,209.46
7026.00,5701,-0.19,242.00,617.75,159.00,2,208.56
7026.00,5793,0.33,132.00,596.93,80.00,1,100.10
7028.00,5702,0.62,242.00,617.75,155.00,2,208.00
7032.00,5685,-0.15,267.00,615.10,210.00,2,236.94
7033.00,5578,1.18,394.00,596.93,327.00,2,360.78
7033.00,5660,1.60,296.00,617.75,239.00,2,264.70
7034.00,5670,4.70,282.00,617.75,227.00,2,254.44
7035.00,5688,-0.72,267.00,615.10,206.00,3,234.93
7037.00,5703,-0.57,251.00,615.10,194.00,2,220.01
7038.00,5620,-0.80,351.00,596.93,290.00,2,312.71
7039.00,5626,-0.94,345.00,596.93,285.00,2,315.25
7039.00,5682,1.42,276.00,617.75,217.00,2,242.28
7040.00,5700,0.00,257.00,615.10,197.00,2,223.00
7040.00,5709,0.29,246.00,617.75,188.00,2,217.47
7041.00,5642,-0.98,328.00,596.93,268.00,2,295.10
7042.00,5713,0.53,243.00,615.10,183.00,2,213.70
7044.00,5650,4.50,316.00,596.93,251.00,2,280.30
7044.00,5711,-0.09,248.00,615.10,182.00,2,205.68
7044.00,5721,-0.99,237.00,615.10,171.00,2,208.89
7046.00,5663,1.03,306.00,596.93,239.00,2,273.11
7046.00,5727,3.87,227.00,615.10,162.00,2,193.70
7047.00,5722,-0.18,238.00,617.75,172.00,2,207.92
7048.00,5664,2.84,305.00,596.93,236.00,2,272.80
7048.00,5725,3.25,232.00,615.10,166.00,2,199.11
7049.00,5730,6.30,224.00,615.10,159.00,2,191.16
7049.00,5740,-0.60,219.00,615.10,155.00,2,186.88
7051.00,5669,2.89,302.00,596.93,232.00,2,268.52
7051.00,5768,-0.92,188.00,615.10,132.00,1,154.98
7052.00,5673,3.13,298.00,596.93,229.00,3,268.56
7052.00,5745,1.45,214.00,617.75,151.00,1,183.08
7052.00,5776,1.56,177.00,615.10,126.00,1,146.76
7054.00,5772,1.32,184.00,615.10,125.00,2,151.43
7055.00,5747,1.07,215.00,617.75,150.00,1,182.74
7056.00,5779,2.99,176.00,615.10,124.00,1,140.88
7058.00,5692,-0.48,285.00,596.93,212.00,2,247.61
7058.00,5752,1.12,212.00,617.75,151.00,1,177.89
7058.00,5784,2.04,173.00,615.10,121.00,1,139.05
7059.00,5791,-0.29,168.00,615.10,115.00,1,138.15
7060.00,5693,1.33,284.00,596.93,207.00,2,252.53
7061.00,5707,-0.33,270.00,596.93,194.00,2,240.53
7061.00,5755,-0.45,213.00,617.75,150.00,1,180.25
7061.00,5796,-0.24,164.00,615.10,110.00,1,132.32
7062.00,5797,1.57,162.00,615.10,109.00,1,127.76
7064.00,5723,2.63,251.00,596.93,173.00,2,217.03
7064.00,5802,1.62,158.00,615.10,104.00,1,124.36
7065.00,5807,-0.33,155.00,615.10,98.00,1,126.54
7066.00,5729,4.49,244.00,596.93,166.00,2,213.92
7066.00,5762,-0.78,210.00,617.75,148.00,1,170.65
7067.00,5818,0.58,143.00,615.10,90.00,1,114.19
7067.00,5826,-0.94,135.00,615.10,85.00,1,103.08
7068.00,5771,-0.49,201.00,617.75,140.00,1,169.22
7069.00,5773,3.13,196.00,617.75,133.00,1,162.35
7069.00,5835,-0.65,126.00,615.10,75.00,1,96.42
7070.00,5744,-0.36,235.00,596.93,154.00,2,200.44
7070.00,5777,3.37,192.00,607.65,131.00,1,160.61
7071.00,5751,-0.69,228.00,596.93,148.00,2,204.09
7072.00,5841,0.21,121.00,615.10,69.00,1,85.76
7073.00,5764,-0.16,214.00,596.93,146.00,1,184.15
7073.00,5895,-0.05,58.00,615.10,6.00,1,26.04
7074.00,5781,3.61,191.00,617.75,128.00,1,158.18
7076.00,5785,3.85,188.00,617.75,125.00,1,156.62
7076.00,5801,-0.19,173.00,596.93,110.00,1,141.43
7076.00,5911,-0.09,42.00,615.10,0.00,0,7.85
7078.00,5814,0.34,159.00,615.10,96.00,1,124.47
7079.00,5830,0.30,141.00,615.10,80.00,1,110.69
7080.00,5812,-0.28,164.00,596.93,98.00,1,129.52
7082.00,5816,0.96,160.00,617.75,94.00,1,124.56
7082.00,5828,-0.32,147.00,596.93,81.00,1,113.65
7083.00,5820,1.20,156.00,617.75,92.00,1,124.66
7085.00,5839,-0.41,137.00,596.93,72.00,1,102.20
7086.00,5831,1.11,146.00,617.75,80.00,1,111.88
7086.00,5847,-0.93,129.00,596.93,65.00,1,101.51
7088.00,5836,1.16,142.00,617.75,76.00,1,109.42
7089.00,5851,-0.69,127.00,596.93,61.00,1,95.43
7089.00,5860,-0.40,116.00,617.75,48.00,1,87.25
7091.00,5862,-0.78,116.00,596.93,49.00,1,88.47
7092.00,5867,0.27,110.00,617.75,39.00,1,80.69
7095.00,5930,-0.70,39.00,615.10,0.00,0,7.88
7096.00,5854,-0.26,130.00,617.75,60.00,2,95.82
7096.00,5863,1.03,118.00,596.93,49.00,1,81.75
7098.00,5859,-0.21,126.00,607.65,57.00,2,92.70
7101.00,5865,1.65,120.00,617.75,44.00,2,86.87
7103.00,5884,-0.96,102.00,596.93,27.00,1,58.77
7103.00,5885,0.85,99.00,617.75,21.00,2,68.20
7104.00,5905,-0.95,78.00,596.93,2.00,1,38.01
7105.00,5916,-0.04,65.00,596.93,0.00,0,34.77
7106.00,5921,0.01,60.00,596.93,0.00,0,31.66
7108.00,5942,-0.98,38.00,615.10,0.00,0,5.97
7109.00,5889,-0.91,102.00,617.75,17.00,1,62.77
7109.00,5927,-0.13,56.00,596.93,0.00,0,21.26
7110.00,5901,-0.19,88.00,617.75,5.00,1,55.76
7111.00,5938,-0.22,45.00,596.93,0.00,0,13.56
7113.00,5902,-0.38,90.00,617.75,4.00,1,52.06
7113.00,5944,-0.36,40.00,615.10,0.00,0,7.35
7114.00,5920,-0.80,70.00,617.75,0.00,0,39.93
7118.00,5924,-0.56,69.00,617.75,0.00,0,31.31
7120.00,5815,-0.85,201.00,615.10,159.00,1,174.30
7123.00,5803,-0.57,218.00,615.10,172.00,1,184.54
7124.00,5819,-0.61,200.00,615.10,152.00,1,167.69
7124.00,5821,0.01,197.00,596.93,152.00,1,164.62
7125.00,5822,1.82,195.00,615.10,147.00,2,165.05
7127.00,5798,-0.62,228.00,617.75,176.00,1,186.96
7127.00,5804,1.24,219.00,617.75,170.00,1,186.95
7127.00,5825,4.25,191.00,596.93,144.00,1,159.52
7129.00,5827,4.87,190.00,615.10,140.00,1,154.69
7130.00,5811,-0.09,215.00,617.75,163.00,1,177.26
7130.00,5838,0.78,182.00,615.10,125.00,1,149.38
7130.00,5843,0.83,176.00,615.10,126.00,1,146.36
7130.00,5848,3.88,167.00,596.93,120.00,1,138.02
7132.00,5823,3.63,199.00,617.75,145.00,1,160.59
7132.00,5845,4.45,172.00,615.10,122.00,1,141.01
7133.00,5850,4.50,167.00,615.10,114.00,2,136.83
7134.00,5832,1.92,192.00,617.75,143.00,1,162.57
7134.00,5868,-0.92,152.00,596.93,103.00,1,124.69
7135.00,5855,1.55,166.00,615.10,112.00,2,130.12
7135.00,5872,-0.68,148.00,615.10,98.00,1,116.00
7136.00,5833,3.73,191.00,617.75,138.00,1,154.60
7137.00,5890,-0.10,128.00,615.10,77.00,1,93.86
7138.00,5840,1.40,187.00,617.75,133.00,1,154.71
7138.00,5892,0.52,126.00,615.10,72.00,1,92.39
7139.00,5875,-0.25,148.00,596.93,95.00,1,114.74
7140.00,5896,3.76,120.00,615.10,67.00,1,88.72
7141.00,5844,2.64,184.00,617.75,128.00,1,148.08
7141.00,5900,2.00,118.00,615.10,65.00,2,85.77
7143.00,5861,-0.59,169.00,617.75,114.00,1,136.75
7143.00,5876,1.56,149.00,596.93,94.00,1,112.89
7144.00,5950,-0.50,64.00,615.10,15.00,1,35.07
7145.00,5866,-0.54,165.00,617.75,109.00,1,131.19
7145.00,5878,4.18,146.00,596.93,91.00,1,111.59
7145.00,5925,-0.75,95.00,615.10,45.00,1,58.83
7147.00,5877,3.37,150.00,617.75,96.00,1,116.42
7149.00,5881,3.61,147.00,617.75,92.00,1,113.39
7150.00,5883,3.23,146.00,596.93,87.00,1,107.40
7151.00,5894,3.14,134.00,596.93,76.00,1,102.86
7152.00,5893,2.33,137.00,617.75,78.00,1,104.96
7153.00,5907,-0.33,124.00,617.75,66.00,1,93.76
7153.00,5928,-0.32,99.00,596.93,41.00,1,69.07
7157.00,5912,-0.28,122.00,617.75,63.00,1,88.68
7159.00,5917,-0.23,118.00,617.75,59.00,1,86.03
7159.00,5965,-0.35,61.00,596.93,0.00,0,27.29
7160.00,5945,-0.55,86.00,596.93,20.00,1,43.84
7161.00,5940,-0.60,93.00,617.75,31.00,1,63.69
7162.00,5973,-0.87,55.00,596.93,0.00,0,19.79
7165.00,5941,0.21,95.00,617.75,32.00,1,61.18
7168.00,5960,-0.40,76.00,617.75,13.00,1,40.10
7174.00,5993,-0.67,43.00,617.75,0.00,0,7.64
7176.00,5994,1.14,42.00,596.93,0.00,0,9.12
7178.00,5995,2.95,41.00,617.75,0.00,0,7.02
7182.00,5997,2.57,43.00,596.93,0.00,0,8.20
7187.00,6008,-0.52,38.00,615.10,0.00,0,5.42
7196.00,6010,0.10,44.00,596.93,0.00,0,9.05
7196.00,6013,-0.47,41.00,615.10,0.00,0,5.30
7199.00,6016,-0.04,40.00,615.10,0.00,0,5.56
7201.00,6022,-0.18,35.00,615.10,0.00,0,7.71
7217.00,6030,-0.70,42.00,586.83,0.00,0,8.52
7221.00,5846,-0.74,265.00,615.10,222.00,1,235.80
7223.00,5829,-0.51,287.00,615.10,242.00,1,254.13
7224.00,5834,-0.46,282.00,615.10,233.00,1,246.65
7225.00,5858,-0.02,254.00,617.75,207.00,1,221.67
7226.00,5837,-0.03,280.00,615.10,234.00,1,250.02
7227.00,5871,-0.49,241.00,617.75,194.00,1,207.53
7227.00,5891,-0.29,217.00,615.10,168.00,1,179.55
7228.00,5853,-0.07,263.00,596.93,215.00,1,228.71
7229.00,5929,-0.51,174.00,615.10,123.00,1,137.24
7230.00,5898,1.38,210.00,596.93,161.00,1,177.25
7230.00,5932,-0.08,171.00,615.10,118.00,1,136.74
7231.00,5879,-0.01,235.00,617.75,185.00,1,201.61
7232.00,5913,-0.47,196.00,596.93,148.00,1,166.88
7232.00,5933,1.73,170.00,615.10,117.00,2,141.74
7233.00,5880,1.80,234.00,617.75,184.00,1,201.20
7234.00,5939,0.59,166.00,615.10,113.00,2,131.09
7235.00,5955,2.55,146.00,605.00,95.00,2,116.57
7236.00,5919,-0.61,193.00,596.93,142.00,1,158.80
7237.00,5886,-0.34,233.00,617.75,181.00,1,197.70
7237.00,5968,-0.92,136.00,615.10,84.00,2,102.58
7238.00,5897,-0.43,221.00,617.75,170.00,1,190.73
7238.00,5936,1.16,173.00,596.93,121.00,1,140.67
7240.00,5943,-0.17,168.00,596.93,115.00,1,137.44
7240.00,5963,-0.97,145.00,615.10,92.00,1,110.61
7240.00,5978,1.18,125.00,615.10,73.00,1,87.38
7241.00,5985,1.85,117.00,615.10,63.00,1,82.07
7243.00,5970,-0.30,139.00,617.75,83.00,1,105.33
7243.00,5988,4.28,113.00,615.10,59.00,1,83.33
7244.00,5954,-0.26,159.00,596.93,103.00,1,126.05
7244.00,5983,1.23,123.00,615.10,70.00,1,92.56
7245.00,5964,0.84,147.00,596.93,92.00,1,117.58
7245.00,6048,-0.12,48.00,615.10,0.00,0,19.43
7247.00,5986,3.66,120.00,615.10,65.00,1,85.65
7249.00,5977,-0.63,137.00,596.93,79.00,1,101.65
7250.00,5989,6.09,117.00,617.75,60.00,1,83.99
7251.00,5982,-0.58,133.00,596.93,77.00,1,104.31
7252.00,5991,6.71,116.00,596.93,60.00,1,87.69
7253.00,5996,3.76,114.00,617.75,57.00,1,80.93
7254.00,6006,3.86,103.00,596.93,45.00,1,73.48
7258.00,5998,3.38,117.00,617.75,54.00,1,77.35
7259.00,6000,4.00,115.00,617.75,54.00,1,84.80
7259.00,6017,-0.23,99.00,596.93,39.00,1,63.81
7261.00,6001,4.81,115.00,617.75,53.00,1,79.10
7261.00,6021,0.01,96.00,596.93,35.00,1,63.35
7263.00,6025,0.25,93.00,586.83,32.00,1,62.13
7265.00,6004,4.24,116.00,617.75,52.00,1,75.55
7267.00,6019,0.39,104.00,617.75,40.00,1,69.91
7268.00,6023,0.63,100.00,617.75,36.00,1,69.11
7269.00,6026,-0.94,99.00,617.75,35.00,1,67.64
7271.00,6034,-0.46,91.00,617.75,27.00,1,59.49
7273.00,6044,-0.36,81.00,617.75,18.00,1,53.77
7297.00,5705,2.05,506.00,617.75,413.00,3,473.92
7297.00,5887,-0.53,292.00,615.10,243.00,1,262.47
7298.00,5903,-0.57,274.00,615.10,228.00,1,245.03
7299.00,5617,1.77,613.00,596.93,525.00,4,575.38
7299.00,5706,1.86,507.00,617.75,414.00,3,474.67
7301.00,5628,-0.32,604.00,596.93,517.00,3,572.43
7302.00,5672,-0.68,553.00,596.93,466.00,3,524.15
7302.00,5908,2.48,269.00,615.10,221.00,1,236.52
7304.00,5689,-0.91,535.00,596.93,442.00,3,505.52
7304.00,5708,1.48,510.00,617.75,416.00,3,473.45
7305.00,5715,-0.85,505.00,617.75,411.00,3,474.46
7305.00,5909,4.29,269.00,615.10,215.00,1,233.91
7306.00,5686,-0.34,540.00,596.93,449.00,4,508.63
7306.00,5914,3.34,265.00,615.10,214.00,1,234.10
7308.00,5922,1.82,259.00,615.10,207.00,1,223.66
7310.00,5690,0.90,538.00,596.93,442.00,4,503.14
7310.00,5724,-0.56,499.00,617.75,402.00,3,460.89
7310.00,5931,0.11,252.00,615.10,200.00,1,221.66
7311.00,5749,-0.31,470.00,596.93,379.00,2,439.82
7311.00,5953,1.93,225.00,615.10,175.00,1,193.63
7312.00,5737,-0.03,485.00,617.75,388.00,3,448.78
7313.00,5758,-0.02,461.00,617.75,374.00,2,429.88
7313.00,5980,-0.20,197.00,615.10,146.00,1,163.20
7315.00,5765,-0.35,455.00,617.75,373.00,2,424.38
7315.00,5788,1.28,426.00,596.93,344.00,2,392.67
7317.00,5813,0.53,399.00,596.93,318.00,2,366.96
7318.00,5799,-0.81,418.00,617.75,335.00,2,383.95
7318.00,6005,-0.95,173.00,615.10,118.00,1,133.64
7319.00,5806,-0.14,410.00,596.93,330.00,4,379.39
7319.00,6011,-0.09,166.00,615.10,113.00,1,133.43
7321.00,5869,-0.11,337.00,617.75,259.00,1,300.92
7321.00,6024,-0.56,153.00,615.10,98.00,1,118.49
7322.00,5852,-0.88,359.00,596.93,275.00,3,326.21
7322.00,6028,-0.32,149.00,615.10,95.00,1,112.72
7323.00,5888,1.28,315.00,617.75,258.00,1,282.64
7323.00,6033,-0.27,144.00,615.10,91.00,1,110.45
7324.00,6041,-0.79,136.00,615.10,83.00,1,106.99
7325.00,5856,-0.64,357.00,596.93,269.00,2,322.92
7325.00,5906,1.86,295.00,617.75,239.00,1,261.11
7326.00,5857,1.17,355.00,586.83,267.00,2,325.26
7326.00,6043,-0.17,135.00,615.10,81.00,1,101.62
7329.00,5910,6.10,290.00,617.75,231.00,1,251.33
7331.00,5915,5.15,287.00,617.75,229.00,1,255.33
7332.00,5918,4.58,285.00,617.75,227.00,1,255.15
7333.00,5870,-0.30,348.00,596.93,258.00,1,309.45
7334.00,5873,-0.87,346.00,596.93,258.00,1,315.20
7334.00,5935,1.35,270.00,617.75,210.00,1,236.78
7336.00,5874,0.94,345.00,596.93,259.00,1,315.11
7337.00,5882,-0.58,338.00,596.93,257.00,1,307.69
7339.00,5937,0.97,273.00,617.75,210.00,1,235.19
7341.00,5899,-0.81,322.00,596.93,257.00,1,287.38
7341.00,5947,-0.93,265.00,617.75,202.00,1,228.06
7342.00,5951,-0.69,261.00,617.75,198.00,1,233.43
7343.00,5990,-0.10,215.00,596.93,161.00,1,181.00
7346.00,5904,1.24,319.00,596.93,252.00,1,283.42
7348.00,5966,-0.54,249.00,617.75,185.00,1,217.66
7349.00,5923,3.63,297.00,596.93,229.00,1,263.23
7349.00,5956,1.36,260.00,617.75,190.00,1,216.76
7351.00,5926,3.06,296.00,596.93,227.00,1,270.58
7352.00,5934,-0.46,291.00,596.93,222.00,1,260.88
7352.00,5972,-0.68,246.00,617.75,180.00,1,211.30
7353.00,5957,2.17,262.00,617.75,191.00,1,215.80
7355.00,5976,-0.44,244.00,617.75,177.00,1,213.14
7356.00,5981,1.61,237.00,617.75,170.00,1,207.45
7358.00,5999,-0.81,220.00,617.75,152.00,1,188.09
7359.00,5952,0.12,276.00,596.93,202.00,1,236.95
7360.00,5958,2.98,267.00,596.93,193.00,2,237.68
7361.00,5959,4.79,265.00,596.93,193.00,1,234.44
7364.00,6020,-0.80,201.00,607.65,131.00,1,163.26
7366.00,6027,-0.13,194.00,617.75,122.00,1,163.26
7366.00,6047,-0.93,171.00,617.75,100.00,1,132.41
7394.00,5949,2.69,312.00,617.75,269.00,1,283.53
7396.00,5946,0.26,320.00,615.10,273.00,1,285.37
7396.00,5948,0.88,317.00,596.93,269.00,1,280.92
7396.00,5969,-0.11,293.00,615.10,246.00,1,262.52
7397.00,5961,-0.59,304.00,615.10,259.00,1,271.60
7397.00,5967,-0.73,297.00,596.93,251.00,1,265.62
7399.00,5971,0.51,293.00,596.93,247.00,1,262.81
7400.00,5974,-0.06,291.00,615.10,238.00,1,255.93
7402.00,5987,-0.53,278.00,615.10,228.00,1,241.39
7403.00,5975,1.75,291.00,596.93,241.00,1,257.11
7404.00,5962,1.22,308.00,617.75,253.00,1,268.43
7404.00,6002,-0.38,262.00,615.10,211.00,2,230.50
7405.00,5979,-0.01,290.00,596.93,241.00,1,256.67
7405.00,5984,-0.96,285.00,617.75,232.00,1,249.49
7406.00,5992,-0.48,276.00,607.65,225.00,1,243.75
7406.00,6009,0.29,255.00,615.10,203.00,1,219.03
7407.00,6007,-0.33,259.00,596.93,207.00,1,227.62
7407.00,6032,1.92,227.00,615.10,174.00,1,195.16
7408.00,6003,1.43,263.00,615.10,211.00,1,228.79
7409.00,6012,-0.28,255.00,596.93,206.00,1,226.94
7411.00,6018,1.58,248.00,596.93,198.00,1,219.51
7412.00,6015,2.15,252.00,617.75,197.00,1,223.98
7414.00,6029,-0.51,240.00,596.93,187.00,1,208.26
7416.00,6014,0.34,259.00,617.75,199.00,1,215.32
7417.00,6031,0.11,240.00,596.93,186.00,1,207.87
7417.00,6040,-0.60,230.00,617.75,174.00,1,200.50
7419.00,6042,0.02,229.00,596.93,175.00,1,199.09
7419.00,6045,-0.55,226.00,617.75,169.00,1,190.27
7422.00,6046,1.26,226.00,596.93,172.00,1,194.20
7483.00,6035,-0.65,302.00,617.75,253.00,1,266.48
7484.00,6038,4.78,294.00,596.93,243.00,1,254.78
7485.00,6036,1.16,301.00,617.75,253.00,1,267.12
7486.00,6037,2.97,299.00,617.75,253.00,1,267.56
7486.00,6049,-0.31,288.00,596.93,238.00,1,251.00
7488.00,6039,6.59,295.00,617.75,248.00,1,266.04
7490.00,6050,1.50,289.00,617.75,241.00,1,260.40
